 -1.84
 -3.02667
 -2.04
 -2.89355
 -1.93333
 -2.69458
 -2.13026
 -3.20277
 -2.00936
 -2.96465
 -1.84521
 -2.80431
 -1.76049
 -2.67693
 -1.73108
 -2.56734
 -1.74236
 -2.55658
 -1.79126
 -2.54849
 -1.90018
 -2.54152
 -2.00564
 -2.53414
 -2.10285
 -2.5261
 -2.18915
 -2.52007
 -2.20232
 -2.51031
 -2.20467
 -2.50104
 -2.20675
 -2.49213
 -2.2086
 -2.48348
 -2.21025
 -2.47498
 -2.21174
 -2.46653
 -2.21308
 -2.45803
 -2.21431
 -2.44936
 -2.21543
 -2.44036
 -2.21645
 -2.43201
 -2.21739
 -2.42433
 -2.21826
 -2.41724
 -2.21907
 -2.41068
 -2.21981
 -2.40458
 -2.22051
 -2.39891
 -2.22116
 -2.39361
 -2.22177
 -2.38865
 -2.22234
 -2.38401
 -2.20596
 -2.37964
 -2.18151
 -2.37554
 -2.15846
 -2.37166
 -2.13668
 -2.36801
 -2.12251
 -2.36504
 -2.12415
 -2.36533
 -2.14661
 -2.36575
 -2.16794
 -2.3641
 -2.18824
 -2.36107
 -2.20756
 -2.35819
 -2.22599
 -2.35544
 -2.22715
 -2.35282
 -2.22744
 -2.35031
 -2.22771
 -2.34791
 -2.22797
 -2.34562
 -2.22822
 -2.34342
 -2.22846
 -2.34131
 -2.2287
 -2.33928
 -2.22892
 -2.33733
 -2.22913
 -2.33546
 -2.22934
 -2.33366
 -2.22953
 -2.33193
 -2.22972
 -2.33026
 -2.22991
 -2.32864
 -2.23008
 -2.32709
 -2.23025
 -2.32559
 -2.23042
 -2.32414
 -2.23058
 -2.32273
 -2.23073
 -2.32138
 -2.23088
 -2.32007
 -2.23103
 -2.31879
 -2.23117
 -2.31756
 -2.2313
 -2.31637
 -2.23144
 -2.31521
 -2.23156
 -2.31409
 -2.23169
 -2.313
 -2.23181
 -2.31194
 -2.23193
 -2.31092
 -2.23204
 -2.30992
 -2.23215
 -2.30895
 -2.23226
 -2.308
 -2.23236
 -2.30708
 -2.23246
 -2.30619
 -2.23256
 -2.30532
 -2.23266
 -2.30447
 -2.23275
 -2.30364
 -2.23285
 -2.30284
 -2.23293
 -2.30205
 -2.23302
 -2.30128
 -2.23311
 -2.30054
 -2.23319
 -2.29981
 -2.23327
 -2.2991
 -2.23335
 -2.2984
 -2.23343
 -2.29772
 -2.2335
 -2.29706
 -2.23358
 -2.29641
 -2.23365
 -2.29578
 -2.23372
 -2.29516
 -2.23379
 -2.29455
 -2.23386
 -2.29396
 -2.23392
 -2.29338
 -2.23399
 -2.29281
 -2.23405
 -2.29225
 -2.23411
 -2.29171
 -2.23417
 -2.29118
 -2.23423
 -2.29065
 -2.23429
 -2.29014
 -2.23435
 -2.28964
