 -1.2
 -2
 -1.4
 -1.93333
 -1.46667
 -1.82222
 -1.5
 -1.76667
 -1.52
 -1.73333
 -1.53333
 -1.71111
 -1.54286
 -1.69524
 -1.55
 -1.68333
 -1.55556
 -1.67407
 -1.56
 -1.66667
 -1.56364
 -1.66061
 -1.56667
 -1.65556
 -1.56923
 -1.65128
 -1.57143
 -1.64762
 -1.57333
 -1.64444
 -1.575
 -1.64167
 -1.57647
 -1.63922
 -1.57778
 -1.63704
 -1.57895
 -1.63509
 -1.58
 -1.63333
 -1.58095
 -1.63175
 -1.58182
 -1.6303
 -1.58261
 -1.62899
 -1.58333
 -1.62778
 -1.584
 -1.62667
 -1.58462
 -1.62564
 -1.58519
 -1.62469
 -1.58571
 -1.62381
 -1.58621
 -1.62299
 -1.58667
 -1.62222
 -1.5871
 -1.62151
 -1.5875
 -1.62083
 -1.58788
 -1.6202
 -1.58824
 -1.61961
 -1.58857
 -1.61905
 -1.58889
 -1.61852
 -1.58919
 -1.61802
 -1.58947
 -1.61754
 -1.58974
 -1.61709
 -1.59
 -1.61667
 -1.59024
 -1.61626
 -1.59048
 -1.61587
 -1.5907
 -1.6155
 -1.59091
 -1.61515
 -1.59111
 -1.61481
 -1.5913
 -1.61449
 -1.59149
 -1.61418
 -1.59167
 -1.61389
 -1.59184
 -1.61361
 -1.592
 -1.61333
 -1.59216
 -1.61307
 -1.59231
 -1.61282
 -1.59245
 -1.61258
 -1.59259
 -1.61235
 -1.59273
 -1.61212
 -1.59286
 -1.6119
 -1.59298
 -1.6117
 -1.5931
 -1.61149
 -1.59322
 -1.6113
 -1.59333
 -1.61111
 -1.59344
 -1.61093
 -1.59355
 -1.61075
 -1.59365
 -1.61058
 -1.59375
 -1.61042
 -1.59385
 -1.61026
 -1.59394
 -1.6101
 -1.59403
 -1.60995
 -1.59412
 -1.6098
 -1.5942
 -1.60966
 -1.59429
 -1.60952
 -1.59437
 -1.60939
 -1.59444
 -1.60926
 -1.59452
 -1.60913
 -1.59459
 -1.60901
 -1.59467
 -1.60889
 -1.59474
 -1.60877
 -1.59481
 -1.60866
 -1.59487
 -1.60855
 -1.59494
 -1.60844
 -1.595
 -1.60833
 -1.59506
 -1.60823
 -1.59512
 -1.60813
 -1.59518
 -1.60803
 -1.59524
 -1.60794
 -1.59529
 -1.60784
 -1.59535
 -1.60775
 -1.5954
 -1.60766
 -1.59545
 -1.60758
 -1.59551
 -1.60749
 -1.59556
 -1.60741
 -1.5956
 -1.60733
 -1.59565
 -1.60725
 -1.5957
 -1.60717
 -1.59574
 -1.60709
 -1.59579
 -1.60702
 -1.59583
 -1.60694
 -1.59588
 -1.60687
 -1.59592
 -1.6068
 -1.59596
 -1.60673
 -1.596
 -1.60667
