 0.58
 0.24
 0.665
 0.21
 0.515128
 0.218113
 0.441909
 0.193778
 0.449527
 0.201864
 0.454606
 0.220271
 0.458234
 0.245349
 0.460955
 0.274681
 0.460025
 0.297494
 0.441877
 0.315744
 0.436812
 0.318076
 0.437672
 0.335637
 0.447574
 0.34608
 0.45377
 0.352595
 0.452337
 0.358211
 0.446341
 0.363113
 0.436045
 0.367451
 0.427448
 0.360033
 0.426842
 0.35241
 0.426159
 0.348162
 0.422239
 0.347574
 0.414449
 0.337634
 0.410672
 0.329794
 0.410773
 0.328627
 0.410867
 0.332967
 0.411292
 0.34056
 0.412109
 0.350402
 0.413199
 0.36061
 0.413792
 0.370481
 0.413898
 0.37846
 0.413764
 0.375958
 0.413106
 0.372122
 0.4116
 0.367444
 0.408886
 0.362943
 0.405481
 0.358962
 0.401843
 0.355701
 0.40234
 0.353558
 0.403866
 0.354641
 0.405519
 0.359528
 0.405449
 0.36617
 0.403822
 0.370745
 0.400155
 0.365484
 0.396036
 0.361648
 0.396382
 0.359153
 0.397689
 0.358183
 0.398936
 0.358958
 0.400159
 0.361828
 0.400249
 0.365455
 0.399662
 0.365558
 0.398625
 0.36193
 0.397203
 0.358928
 0.395426
 0.356775
 0.393478
 0.35626
 0.391876
 0.358191
 0.390871
 0.36106
 0.390928
 0.364195
 0.391645
 0.367288
 0.392375
 0.369992
 0.393079
 0.371922
 0.393734
 0.373399
 0.39434
 0.374846
 0.394899
 0.376245
 0.395413
 0.377128
 0.395883
 0.375083
 0.396312
 0.37326
 0.396701
 0.371731
 0.397053
 0.370591
 0.397374
 0.369963
 0.397671
 0.36998
 0.397948
 0.370685
 0.398203
 0.37136
 0.398433
 0.371457
 0.398641
 0.369848
 0.398826
 0.368753
 0.398995
 0.368411
 0.399171
 0.369488
 0.399364
 0.370896
 0.399322
 0.3725
 0.399021
 0.374214
 0.398536
 0.375123
 0.397843
 0.37231
 0.396829
 0.369591
 0.395349
 0.366947
 0.393537
 0.365138
 0.393205
 0.36402
 0.393753
 0.363542
 0.39429
 0.363593
 0.394823
 0.364182
 0.395341
 0.364725
 0.395832
 0.365215
 0.39587
 0.365692
 0.395601
 0.366175
 0.395096
 0.366672
 0.394398
 0.367255
 0.393533
 0.368099
 0.393246
 0.369514
 0.393848
 0.37106
 0.394121
 0.372833
 0.394149
 0.374786
 0.393983
 0.376756
