 0.4
 0.22
 0.5705
 0.2
 0.437325
 0.210287
 0.384228
 0.185925
 0.395383
 0.191665
 0.402819
 0.207338
 0.392152
 0.228982
 0.372138
 0.251647
 0.350048
 0.239263
 0.35359
 0.239037
 0.357809
 0.252602
 0.361325
 0.273124
 0.3643
 0.284732
 0.36685
 0.285235
 0.36906
 0.286972
 0.368447
 0.290604
 0.364856
 0.296911
 0.356793
 0.293177
 0.346311
 0.277746
 0.333632
 0.264728
 0.329217
 0.262372
 0.332793
 0.267306
 0.336271
 0.278066
 0.339674
 0.290941
 0.341045
 0.302998
 0.341573
 0.304931
 0.341559
 0.303611
 0.340461
 0.303021
 0.338205
 0.297083
 0.33504
 0.291023
 0.331053
 0.285129
 0.326558
 0.281013
 0.321869
 0.278861
 0.319761
 0.279387
 0.322053
 0.282174
 0.324218
 0.286409
 0.326267
 0.291358
 0.328207
 0.296686
 0.330048
 0.30082
 0.331797
 0.300315
 0.333235
 0.300596
 0.334373
 0.30203
 0.334892
 0.304309
 0.33459
 0.306484
 0.333238
 0.301347
 0.330623
 0.296121
 0.32734
 0.292273
 0.324301
 0.289555
 0.326089
 0.28784
 0.327754
 0.287119
 0.328759
 0.287544
 0.328378
 0.289289
 0.327116
 0.292838
 0.325269
 0.29464
 0.322965
 0.292208
 0.320188
 0.29037
 0.316878
 0.28942
 0.313819
 0.290221
 0.315781
 0.292137
 0.317268
 0.294843
 0.317713
 0.298134
 0.317002
 0.301843
 0.314943
 0.305749
 0.315936
 0.30503
 0.317229
 0.30381
 0.318483
 0.30322
 0.3197
 0.303287
 0.320881
 0.304139
 0.321774
 0.305779
 0.322382
 0.307378
 0.322763
 0.308937
 0.322952
 0.309377
 0.322972
 0.308085
 0.322838
 0.306801
 0.322559
 0.305528
 0.322143
 0.304266
 0.321589
 0.303015
 0.320897
 0.301777
 0.320057
 0.300553
 0.319052
 0.299344
 0.317852
 0.298152
 0.316405
 0.29698
 0.314936
 0.296456
 0.313674
 0.296404
 0.312659
 0.296784
 0.313269
 0.297567
 0.31484
 0.298705
 0.315871
 0.300146
 0.316427
 0.30183
 0.316557
 0.303691
 0.316294
 0.305659
 0.315662
 0.307661
 0.314669
 0.309628
 0.313394
 0.308851
 0.314205
 0.307618
 0.315155
 0.306624
 0.316233
 0.305902
 0.317401
 0.305486
 0.318576
 0.305416
 0.319627
 0.305741
 0.320404
 0.306521
 0.320797
 0.307742
 0.320814
 0.30712
 0.320443
 0.305167
 0.31973
 0.303429
 0.318798
 0.301949
 0.31768
 0.300729
 0.318267
 0.299774
 0.319017
 0.299094
 0.319753
 0.29886
 0.320254
 0.299285
 0.320469
 0.300194
 0.320455
 0.301442
 0.320251
 0.302917
 0.319885
 0.304514
 0.319369
 0.303628
 0.318713
 0.302432
 0.31792
 0.301461
 0.31699
 0.300717
 0.315919
 0.300185
 0.314702
 0.299845
 0.313468
 0.299679
 0.314111
 0.299662
 0.314943
 0.299926
 0.315768
 0.300528
 0.316589
 0.301396
 0.317367
 0.302512
 0.317975
 0.30387
 0.318456
 0.305423
 0.318848
 0.306953
 0.319164
 0.308437
 0.319402
 0.309856
 0.319546
 0.308528
 0.319571
 0.307102
 0.319441
 0.305629
 0.319105
 0.304138
 0.318487
 0.302677
 0.317696
 0.301438
 0.316822
 0.300596
 0.315904
 0.3001
 0.314976
 0.299923
 0.314074
 0.300052
 0.31341
 0.300497
 0.314011
 0.301195
 0.314604
 0.302046
 0.315189
 0.30301
 0.315766
 0.304052
 0.316231
 0.305141
 0.316622
 0.306231
 0.316966
 0.307285
 0.317277
 0.308269
 0.317563
 0.309157
 0.317821
 0.309926
 0.318042
 0.310412
 0.318213
 0.310608
 0.318317
 0.310175
 0.318338
 0.309012
 0.318262
 0.307786
 0.318083
 0.30659
 0.317801
 0.305466
 0.317417
 0.304419
 0.316931
 0.303456
 0.316346
 0.302584
 0.315667
 0.301807
 0.315229
 0.301146
 0.315368
 0.300661
 0.315477
 0.300345
 0.315554
 0.300206
 0.315595
 0.300282
 0.315598
 0.300565
 0.315566
 0.301039
 0.3155
 0.301683
 0.315408
 0.302473
 0.315293
 0.303383
 0.315163
 0.304386
 0.315022
 0.305456
 0.314877
 0.305919
 0.314731
 0.305905
 0.314591
 0.305936
 0.314461
 0.306012
 0.314346
 0.30613
 0.314251
 0.306284
 0.314179
 0.306468
 0.314134
 0.306672
 0.31412
 0.306886
 0.314137
 0.307101
 0.314188
 0.307305
 0.31427
 0.307488
 0.31438
 0.30764
 0.31451
 0.30775
 0.314651
 0.307809
 0.31479
 0.307808
 0.314911
 0.307743
 0.315001
 0.30761
 0.315044
 0.307412
 0.315029
 0.307144
 0.314948
 0.306813
 0.3148
 0.306444
 0.314681
 0.306067
 0.315104
 0.305714
 0.315505
 0.305415
 0.31587
 0.305192
 0.316191
 0.305056
 0.316461
 0.305012
 0.316675
 0.305058
 0.316833
 0.30519
 0.316934
 0.305401
 0.316979
 0.305683
 0.316968
 0.306027
 0.316903
 0.306421
 0.316785
 0.306855
 0.316614
 0.30703
 0.316392
 0.30636
 0.316121
 0.30575
 0.3158
 0.305206
 0.315432
 0.304732
 0.315019
 0.304329
 0.314562
 0.303997
 0.314066
 0.303734
 0.313532
 0.303536
 0.313073
 0.303403
 0.313426
 0.30333
 0.313806
 0.303317
 0.314203
 0.303364
 0.314599
 0.303501
 0.314967
 0.303791
 0.315293
 0.304204
 0.315568
 0.304729
 0.315794
 0.305355
 0.315972
 0.306061
 0.316109
 0.306769
 0.316206
 0.307475
 0.316264
 0.308176
 0.316282
 0.308376
 0.316256
 0.307747
 0.316183
 0.307122
 0.316056
 0.306509
 0.315869
 0.305921
 0.315613
 0.305371
 0.315279
 0.304873
 0.31487
 0.304515
 0.314402
 0.304331
 0.313945
 0.304322
 0.313514
 0.304475
 0.313125
 0.304789
 0.312788
 0.305215
 0.312534
 0.305703
 0.312367
 0.306226
 0.312283
 0.306761
 0.312547
 0.307289
 0.312801
 0.307793
 0.313048
 0.308256
 0.31329
 0.308665
 0.313529
 0.309008
 0.313763
 0.309271
 0.31399
 0.309444
 0.314204
 0.309515
 0.314402
 0.309475
 0.314577
 0.309317
 0.314726
 0.309039
 0.314847
 0.308691
 0.314942
 0.30835
 0.315009
 0.308016
 0.31505
 0.307692
 0.315063
 0.307376
 0.315049
 0.307071
 0.315004
 0.306776
 0.314929
 0.30649
 0.314819
 0.30622
 0.314678
 0.30607
 0.314506
 0.306034
 0.314306
 0.306102
 0.314082
 0.306259
 0.313837
 0.306091
 0.313576
 0.305898
 0.313302
 0.30575
 0.31302
 0.305643
 0.312731
 0.305574
 0.312441
 0.30554
 0.312162
 0.305537
 0.312237
 0.305564
 0.312344
 0.305617
 0.312482
 0.305693
 0.312649
 0.305791
 0.312841
 0.305907
 0.313054
 0.306042
 0.313286
 0.306194
 0.313533
 0.306365
 0.313786
 0.306583
 0.314039
 0.306868
 0.314287
 0.307207
 0.314525
 0.30759
 0.314751
 0.30801
 0.314962
 0.308463
 0.315157
 0.308944
 0.315332
 0.309413
 0.315482
 0.309866
 0.315602
 0.310149
 0.315684
 0.3095
 0.315721
 0.308803
 0.315702
 0.308071
 0.315616
 0.307326
 0.315454
 0.306593
 0.315203
 0.305909
 0.314866
 0.305381
 0.314457
 0.305033
 0.314021
 0.30488
 0.313589
 0.30489
 0.313174
 0.305026
 0.312791
 0.305262
 0.312466
 0.305579
 0.312363
 0.305955
 0.312569
 0.306372
 0.312756
 0.306815
 0.312928
 0.307272
 0.313088
 0.30773
 0.31324
 0.30818
 0.313386
 0.308612
 0.313529
 0.309017
 0.313669
 0.309388
 0.313807
 0.309718
 0.313941
 0.31
 0.31407
 0.310227
 0.31419
 0.310393
 0.314299
 0.310494
 0.314391
 0.310522
 0.314463
 0.310477
 0.314513
 0.310355
 0.314536
 0.310037
 0.314533
 0.309611
 0.314503
 0.309195
 0.314448
 0.308789
 0.314368
 0.308394
 0.314262
 0.30801
 0.31413
 0.307637
 0.313973
 0.307276
 0.313791
 0.30695
 0.313587
 0.30667
 0.313397
 0.306437
 0.313313
 0.306249
 0.31323
 0.306104
 0.313151
 0.305998
 0.313081
 0.305928
 0.313023
 0.305893
 0.312979
 0.305888
 0.312953
 0.305913
 0.312944
 0.305964
 0.312955
 0.306039
 0.312983
 0.306136
 0.313029
 0.306254
 0.313093
 0.306391
 0.313172
 0.306546
 0.313265
 0.306718
 0.31337
 0.306907
 0.313485
 0.307113
 0.313607
 0.307351
 0.313733
 0.307638
 0.313859
 0.307966
 0.313983
 0.308331
 0.314104
 0.308726
 0.314221
 0.309123
 0.314334
 0.309519
 0.31444
 0.309911
 0.314538
 0.310297
 0.314625
 0.31007
 0.314699
 0.309776
 0.314757
 0.309451
 0.314792
 0.309098
 0.314802
 0.308721
 0.31478
 0.308328
 0.31472
 0.307928
 0.314617
 0.307534
 0.314466
 0.307173
 0.314272
 0.306907
 0.314046
 0.306741
 0.313806
 0.306662
 0.313568
 0.306661
 0.313339
 0.306726
 0.313123
 0.306845
 0.312925
 0.307009
 0.312757
 0.307207
 0.312624
 0.307432
 0.312527
 0.307671
 0.312555
 0.307919
 0.312729
 0.308165
 0.312894
 0.308405
 0.313052
 0.30863
 0.313204
 0.308837
 0.313349
 0.309019
 0.313489
 0.309172
 0.313623
 0.309292
 0.313749
 0.309376
 0.313866
 0.30942
 0.313974
 0.309423
 0.314069
 0.309385
 0.31415
 0.309306
 0.314217
 0.309191
 0.314267
 0.309046
 0.314301
 0.30888
 0.314316
 0.308705
 0.314313
 0.308534
 0.31429
 0.308377
 0.314249
 0.308245
 0.314188
 0.308148
 0.314109
 0.308088
 0.314012
 0.308069
 0.313897
 0.308084
 0.313767
 0.307847
 0.313621
 0.307638
 0.313462
 0.307457
 0.313292
 0.307302
 0.313112
 0.307172
 0.312924
 0.307067
 0.312729
 0.306986
 0.31253
 0.306927
 0.312371
 0.306889
 0.312415
 0.30687
 0.312475
 0.30687
 0.312551
 0.306887
 0.31264
 0.30692
 0.312743
 0.306969
 0.312857
 0.307032
 0.312982
 0.307108
 0.313116
 0.307199
 0.313256
 0.307304
 0.3134
 0.307424
 0.313547
 0.307559
 0.313694
 0.307712
 0.313838
 0.307883
 0.313978
 0.308076
 0.31411
 0.308292
 0.314233
 0.308534
 0.314345
 0.308773
 0.314446
 0.309014
 0.314533
 0.309261
 0.314604
 0.309509
 0.314658
 0.309757
 0.314691
 0.309764
 0.314702
 0.309369
 0.314687
 0.308968
 0.314646
 0.30857
 0.314575
 0.308187
 0.314473
 0.307832
 0.314341
 0.307518
 0.31418
 0.307248
 0.31399
 0.307029
 0.31378
 0.306898
 0.31356
 0.306856
 0.313341
 0.306891
 0.313133
 0.306991
 0.312943
 0.307146
 0.312778
 0.307344
 0.312641
 0.307575
 0.312534
 0.307829
 0.312457
 0.3081
 0.31241
 0.308378
 0.312393
 0.308657
 0.312402
 0.30893
 0.312436
 0.309191
 0.312494
 0.309435
 0.312572
 0.309656
 0.312667
 0.30985
 0.312775
 0.310011
 0.312893
 0.310136
 0.313015
 0.310219
 0.313137
 0.310257
 0.313254
 0.310246
 0.313361
 0.310184
 0.313453
 0.310067
 0.313526
 0.309896
 0.313577
 0.309672
 0.313603
 0.309409
 0.313605
 0.30915
 0.313585
 0.308896
 0.313544
 0.30865
 0.313482
 0.30841
 0.313464
 0.30818
 0.313483
 0.307958
 0.313492
 0.307757
 0.313491
 0.307611
 0.313479
 0.307523
 0.313457
 0.30749
 0.313424
 0.307507
 0.313381
 0.307571
 0.313329
 0.307676
 0.313267
 0.307817
 0.313198
 0.307991
 0.313121
 0.308191
 0.313039
 0.308414
 0.312952
 0.30864
 0.31286
 0.308569
 0.312766
 0.30851
 0.312668
 0.308461
 0.312569
 0.308423
 0.312469
 0.308394
 0.312369
 0.308373
 0.312268
 0.308361
 0.312167
 0.308355
 0.312176
 0.308356
 0.312277
 0.308363
 0.31239
 0.308375
 0.312512
 0.308391
 0.312643
 0.308413
 0.312781
 0.30844
 0.312925
 0.308471
 0.313073
 0.308507
 0.313224
 0.308549
 0.313375
 0.308597
 0.313526
 0.308652
 0.313674
 0.308715
 0.313816
 0.308787
 0.313952
 0.308869
 0.314078
 0.308963
 0.314192
 0.30907
 0.314291
 0.309191
 0.314373
 0.309327
 0.314433
 0.309478
 0.314469
 0.309643
 0.314477
 0.309685
 0.314455
 0.309167
 0.314398
 0.308664
 0.314308
 0.308203
 0.314184
 0.307807
 0.314029
 0.307491
 0.313849
 0.307258
 0.313651
 0.307108
 0.313444
 0.307035
 0.313234
 0.307032
 0.313031
 0.30709
 0.31284
 0.307201
 0.312667
 0.307356
 0.312514
 0.307548
 0.312384
 0.30777
 0.312278
 0.308017
 0.312197
 0.308281
 0.312139
 0.308557
 0.312105
 0.30884
 0.312093
 0.309126
 0.312102
 0.309409
 0.312131
 0.309685
 0.312179
 0.30995
 0.312243
 0.310201
 0.312323
 0.310433
 0.312417
 0.310644
 0.312522
 0.310829
 0.312637
 0.310986
 0.312759
 0.311111
 0.312884
 0.311201
 0.313012
 0.311254
 0.313137
 0.311265
 0.313257
 0.311232
 0.31337
 0.311152
 0.313471
 0.311023
 0.313559
 0.310842
 0.31363
 0.310611
 0.313682
 0.310349
 0.313717
 0.310086
 0.313735
 0.309823
 0.313735
 0.309561
 0.313717
 0.3093
 0.313681
 0.309041
 0.313626
 0.308785
 0.313553
 0.308533
 0.31346
 0.308287
 0.31335
 0.308086
 0.313228
 0.307939
 0.313097
 0.307846
 0.312961
 0.307803
 0.312825
 0.307806
 0.312692
 0.30785
 0.312567
 0.307931
 0.312452
 0.308046
 0.312369
 0.308189
 0.312305
 0.308357
 0.31224
 0.308547
 0.312174
 0.308754
 0.312107
 0.308977
 0.312046
 0.309067
 0.31203
 0.309077
 0.31203
 0.309092
 0.312044
 0.309113
 0.312071
 0.309138
 0.312111
 0.309167
 0.312163
 0.309199
 0.312226
 0.309233
 0.3123
 0.30927
 0.312384
 0.309309
 0.312475
 0.309348
 0.312575
 0.309389
 0.312681
 0.309431
 0.312793
 0.309474
 0.312909
 0.309518
 0.313029
 0.309562
 0.31315
 0.309608
 0.313273
 0.309656
 0.313395
 0.309705
 0.313515
 0.309757
 0.313631
 0.309811
 0.313742
 0.309868
 0.313846
 0.309929
 0.313941
 0.309994
 0.314023
 0.310064
 0.314092
 0.310138
 0.314143
 0.310217
 0.314174
 0.310298
 0.314182
 0.309876
 0.314165
 0.309446
 0.314121
 0.309027
 0.31405
 0.308638
 0.313951
 0.308296
 0.313827
 0.308012
 0.313681
 0.307791
 0.313519
 0.307634
 0.313345
 0.307538
 0.313166
 0.307499
 0.312988
 0.30751
 0.312816
 0.307567
 0.312654
 0.307663
 0.312506
 0.307792
 0.312374
 0.307951
 0.31226
 0.308134
 0.312164
 0.308336
 0.312087
 0.308553
 0.312028
 0.308783
 0.311987
 0.309021
 0.311964
 0.309263
 0.311985
 0.309507
 0.312017
 0.309749
 0.312049
 0.309988
 0.312083
 0.310219
 0.312119
 0.310441
 0.312157
 0.310651
 0.312209
 0.310846
 0.31229
 0.311025
 0.312379
 0.311185
 0.312474
 0.311167
 0.312575
 0.311135
 0.312678
 0.311096
 0.312784
 0.31105
 0.312889
 0.310995
 0.312993
 0.310933
 0.313094
 0.310863
 0.31319
 0.310784
 0.313278
 0.310696
 0.313359
 0.310601
 0.313429
 0.310498
 0.313488
 0.310387
 0.313534
 0.310275
 0.313568
 0.310167
 0.313588
 0.310062
 0.313596
 0.309961
 0.313589
 0.309759
 0.313568
 0.309518
 0.313532
 0.309278
 0.31348
 0.30904
 0.313414
 0.308836
 0.313336
 0.308669
 0.313248
 0.308541
 0.313153
 0.308451
 0.313053
 0.308398
 0.312951
 0.308379
 0.31285
 0.308392
 0.312752
 0.308435
 0.31266
 0.308504
 0.312575
 0.308597
 0.312498
 0.308712
 0.312432
 0.308845
 0.312375
 0.308995
 0.31233
 0.309158
 0.312296
 0.309281
 0.312273
 0.309315
 0.312261
 0.309354
 0.312261
 0.309396
 0.31227
 0.309443
 0.31229
 0.309492
 0.31232
 0.309544
 0.312359
 0.309599
 0.312406
 0.309655
 0.312462
 0.309713
 0.312525
 0.309773
 0.312594
 0.309834
 0.31267
 0.309896
 0.312751
 0.309959
 0.312836
 0.310024
 0.312925
 0.310089
 0.313017
 0.310156
 0.31311
 0.310224
 0.313205
 0.310294
 0.3133
 0.310366
 0.313393
 0.310439
 0.313484
 0.310515
 0.313571
 0.310593
 0.313652
 0.310674
 0.313726
 0.310757
 0.313791
 0.310843
 0.313844
 0.310868
 0.313884
 0.310587
 0.313908
 0.310281
 0.313915
 0.309957
 0.313901
 0.309627
 0.313866
 0.309304
 0.313808
 0.309
 0.313729
 0.308727
 0.313628
 0.308494
 0.313509
 0.308306
 0.313375
 0.308166
 0.313229
 0.308071
 0.313078
 0.308021
 0.312925
 0.308011
 0.312775
 0.308037
 0.312631
 0.308096
 0.312497
 0.308182
 0.312376
 0.308293
 0.312267
 0.308424
 0.312216
 0.308572
 0.312264
 0.308734
 0.312309
 0.308907
 0.31235
 0.309089
 0.312389
 0.309276
 0.312425
 0.309467
 0.31246
 0.309659
 0.312493
 0.30985
 0.312525
 0.310039
 0.312557
 0.310223
 0.312589
 0.3104
 0.31262
 0.31057
 0.312651
 0.31073
 0.312681
 0.310879
 0.312712
 0.311015
 0.312741
 0.311107
 0.312769
 0.311042
 0.312796
 0.310972
 0.31282
 0.310897
 0.312842
 0.310816
 0.31286
 0.31073
 0.312874
 0.310638
 0.312883
 0.310542
 0.312887
 0.31044
 0.31294
 0.310335
 0.313004
 0.310225
 0.313063
 0.310113
 0.313115
 0.309999
 0.313161
 0.309884
 0.3132
 0.30977
 0.313231
 0.309659
 0.313253
 0.309552
 0.313267
 0.30945
 0.313273
 0.309356
 0.313269
 0.30927
 0.313257
 0.309194
 0.313237
 0.309128
 0.313209
 0.309073
 0.313175
 0.309028
 0.313136
 0.308993
 0.313092
 0.308968
 0.313045
 0.308952
 0.312996
 0.308945
 0.312946
 0.308947
 0.312896
 0.308956
 0.312848
 0.308973
 0.312803
 0.308996
 0.312761
 0.309026
 0.312723
 0.309062
 0.31269
 0.309104
 0.312662
 0.309151
 0.31264
 0.309203
 0.312624
 0.30926
 0.312614
 0.309321
 0.31261
 0.309387
 0.312612
 0.309456
 0.31262
 0.309529
 0.312634
 0.309605
 0.312653
 0.309684
 0.312677
 0.309766
 0.312707
 0.309851
 0.312741
 0.309939
 0.312779
 0.31003
 0.312822
 0.310123
 0.312867
 0.310219
 0.312916
 0.310318
 0.312967
 0.31042
 0.31302
 0.310524
 0.313075
 0.310631
 0.31313
 0.310741
 0.313185
 0.310853
 0.31324
 0.310969
 0.313293
 0.311046
 0.313344
 0.310964
 0.313391
 0.310862
 0.313434
 0.310742
 0.313471
 0.310604
 0.3135
 0.31045
 0.313521
 0.310284
 0.313533
 0.310109
 0.313532
 0.30993
 0.31352
 0.30975
 0.313495
 0.309577
 0.313456
 0.309414
 0.313404
 0.309267
 0.31334
 0.30914
 0.313264
 0.309034
 0.313179
 0.308952
 0.313086
 0.308894
 0.312989
 0.30886
 0.31289
 0.308849
 0.312791
 0.308858
 0.312697
 0.308887
 0.312607
 0.308933
 0.312524
 0.308993
 0.31245
 0.309065
 0.312384
 0.309149
 0.312396
 0.30924
 0.312466
 0.309338
 0.312531
 0.309441
 0.312593
 0.309547
 0.312652
 0.309654
 0.312709
 0.309761
 0.312762
 0.309867
 0.312812
 0.309971
 0.31286
 0.31007
 0.312906
 0.310165
 0.312949
 0.310254
 0.312989
 0.310335
 0.313027
 0.31041
 0.313061
 0.310476
 0.313093
 0.310532
 0.31312
 0.31058
 0.313144
 0.310617
 0.313163
 0.310645
 0.313178
 0.310662
 0.313188
 0.31067
 0.313193
 0.310668
 0.313192
 0.310657
 0.313185
 0.310523
 0.313172
 0.310386
 0.313153
 0.310249
 0.313128
 0.310114
 0.313096
 0.309982
 0.313058
 0.309854
 0.313014
 0.30973
 0.312963
 0.309612
 0.312907
 0.309502
 0.312845
 0.309399
 0.312778
 0.309304
 0.312706
 0.309217
 0.312708
 0.30914
 0.312709
 0.309071
 0.312709
 0.309012
 0.31271
 0.308962
 0.312711
 0.308921
 0.312713
 0.308888
 0.312716
 0.308865
 0.31272
 0.30885
 0.312725
 0.308843
 0.312732
 0.308845
 0.312741
 0.308854
 0.312752
 0.308871
 0.312764
 0.308895
 0.312778
 0.308927
 0.312794
 0.308965
 0.312811
 0.30901
 0.31283
 0.309062
 0.31285
 0.309121
 0.312871
 0.309185
 0.312894
 0.309257
 0.312917
 0.309334
 0.31294
 0.309418
 0.312964
 0.309508
 0.312988
 0.309604
 0.313011
 0.309707
 0.313034
 0.309815
 0.313056
 0.30993
 0.313077
 0.31005
 0.313097
 0.310171
 0.313115
 0.310291
 0.313132
 0.310411
 0.313147
 0.31053
 0.313161
 0.310487
 0.313173
 0.310437
 0.313183
 0.310383
 0.313191
 0.310326
 0.313196
 0.310266
 0.313198
 0.310204
 0.313198
 0.310138
 0.313194
 0.310071
 0.313187
 0.310002
 0.313176
 0.309932
 0.313161
 0.309862
 0.313141
 0.309792
 0.313117
 0.30973
 0.313089
 0.309677
 0.313057
 0.309634
 0.313023
 0.309602
 0.312986
 0.30958
 0.312948
 0.309568
 0.31291
 0.309565
 0.312871
 0.309572
 0.312834
 0.309586
 0.312798
 0.309608
 0.312764
 0.309635
 0.312734
 0.309668
 0.312706
 0.309705
 0.312682
 0.309744
 0.312662
 0.309786
 0.312646
 0.309828
 0.312633
 0.30987
 0.312624
 0.309911
 0.312618
 0.30995
 0.312615
 0.309986
 0.312615
 0.310018
 0.312617
 0.310047
 0.312621
 0.31007
 0.312626
 0.310089
 0.312631
 0.310102
 0.312636
 0.310108
 0.312641
 0.310109
 0.312645
 0.310104
 0.312657
 0.310093
 0.312708
 0.310077
 0.312757
 0.310055
 0.312803
 0.310029
 0.312846
 0.31
 0.312886
 0.309968
 0.312923
 0.309935
 0.312956
 0.309901
 0.312985
 0.309868
 0.31301
 0.309838
 0.313032
 0.309811
 0.313049
 0.309788
 0.313061
 0.309771
 0.313069
 0.30976
 0.313073
 0.309756
 0.313071
 0.309759
 0.313065
 0.309769
 0.313054
 0.309788
 0.313039
 0.309814
 0.313018
 0.309848
 0.312993
 0.309888
 0.312964
 0.309936
 0.31293
 0.30999
 0.312892
 0.309956
 0.31285
 0.309873
 0.312804
 0.309795
 0.312755
 0.309723
 0.312702
 0.309657
 0.312646
 0.309596
 0.312586
 0.309541
 0.312525
 0.309492
 0.31246
 0.309448
 0.312394
 0.30941
 0.312325
 0.309377
 0.312285
 0.30935
 0.312317
 0.309328
 0.312352
 0.309312
 0.312391
 0.3093
 0.312433
 0.309294
 0.312479
 0.309293
 0.312526
 0.309296
 0.312577
 0.309305
 0.312629
 0.309319
 0.312682
 0.309338
 0.312737
 0.309362
 0.312792
 0.309391
 0.312848
 0.309426
 0.312903
 0.309468
 0.312956
 0.309515
 0.313009
 0.309569
 0.313059
 0.309629
 0.313106
 0.309697
 0.31315
 0.309773
 0.313191
 0.309856
 0.313227
 0.309948
 0.313258
 0.310048
 0.313284
 0.31015
 0.313304
 0.310253
 0.313318
 0.310355
 0.313326
 0.310456
 0.313327
 0.310383
 0.313322
 0.310241
 0.313309
 0.310101
 0.313289
 0.309966
 0.313262
 0.309836
 0.313227
 0.309714
 0.313185
 0.309601
 0.313136
 0.309499
 0.31308
 0.309411
 0.313019
 0.309346
 0.312953
 0.309301
 0.312886
 0.309278
 0.312818
 0.309275
 0.31275
 0.30929
 0.312685
 0.309322
 0.312623
 0.309368
 0.312567
 0.309427
 0.312515
 0.309497
 0.312471
 0.309577
 0.312433
 0.309663
 0.312402
 0.309755
 0.312379
 0.309851
 0.312363
 0.309949
