 1.67644
 0.341333
 1.50724
 0.623015
 1.26804
 0.672897
 1.23081
 0.70276
 1.23953
 0.782621
 1.21027
 0.878851
 1.17077
 0.906502
 1.12683
 0.887452
 1.10006
 0.90652
 1.11737
 0.93831
 1.11449
 0.962252
 1.09683
 0.945759
 1.08181
 0.935504
 1.09375
 0.934025
 1.10329
 0.942237
 1.10596
 0.960004
 1.10177
 0.983533
 1.09267
 0.981952
 1.08127
 0.973707
 1.07025
 0.974516
 1.06157
 0.981302
 1.06867
 0.991648
 1.07019
 1.00219
 1.06644
 0.994077
 1.05822
 0.987248
 1.06153
 0.98282
 1.06702
 0.981548
 1.07196
 0.983883
 1.07496
 0.989953
 1.07537
 0.999216
 1.07327
 1.00978
 1.06924
 1.0047
 1.0641
 1.00014
 1.05876
 0.999308
 1.05403
 1.00144
 1.05122
 1.00571
 1.05442
 1.01137
 1.05498
 1.01406
 1.05303
 1.00936
 1.04935
 1.00525
 1.0519
 1.00224
 1.05504
 1.00071
 1.05821
 1.00095
 1.0608
 1.0031
 1.0623
 1.00714
 1.06248
 1.01264
 1.06137
 1.01863
 1.0592
 1.01553
 1.05633
 1.01226
 1.05317
 1.01098
 1.05014
 1.01148
 1.04757
 1.01339
 1.0462
 1.01637
 1.04789
 1.02003
 1.04807
 1.01997
 1.0468
 1.01688
 1.04559
 1.01412
 1.04723
 1.01198
 1.04926
 1.0107
 1.05142
 1.01043
 1.05337
 1.01131
 1.05481
 1.01335
 1.05553
 1.01644
 1.05545
 1.02022
 1.05461
 1.02391
 1.05314
 1.02063
 1.05124
 1.01845
 1.04914
 1.01748
 1.04707
 1.01763
 1.04524
 1.01872
 1.0438
 1.02056
 1.04375
 1.02294
 1.0444
 1.02494
 1.04408
 1.02268
 1.04283
 1.02052
 1.04374
 1.01865
 1.04501
 1.01724
 1.0465
 1.01641
 1.04806
 1.01628
 1.04947
 1.01691
 1.05055
 1.01832
 1.05118
 1.02044
 1.05128
 1.02305
 1.05085
 1.02583
 1.04997
 1.02491
 1.04874
 1.02296
 1.04728
 1.02179
 1.04576
 1.02142
 1.0443
 1.02178
 1.04304
 1.02275
 1.04205
 1.0242
 1.04168
 1.026
 1.04211
 1.027
 1.04187
 1.02529
 1.04147
 1.02365
 1.04214
 1.02221
 1.04307
 1.02107
 1.04418
 1.02033
 1.04536
 1.02007
 1.04649
 1.02034
 1.04744
 1.02117
 1.0481
 1.02253
 1.04841
 1.02433
 1.04834
 1.02638
 1.04791
 1.02837
 1.04717
 1.02652
 1.0462
 1.02515
 1.04508
 1.02435
 1.04392
 1.02412
 1.04281
 1.02441
 1.04184
 1.02514
 1.04107
 1.02624
 1.04052
 1.02761
 1.04057
 1.02882
 1.04051
 1.02747
 1.04042
 1.02615
 1.04087
 1.02495
 1.04153
 1.02394
 1.04235
 1.02321
 1.04327
 1.0228
 1.0442
 1.02278
 1.04505
 1.02316
 1.04573
 1.02396
 1.04619
 1.02514
 1.04638
 1.02662
 1.04629
 1.02824
 1.04593
 1.02945
 1.04533
 1.028
 1.04457
 1.02692
 1.04369
 1.02627
 1.04277
 1.02604
 1.04189
 1.02621
 1.04109
 1.02673
 1.04043
 1.02755
 1.03995
 1.02859
 1.03965
 1.02978
 1.03955
 1.02919
 1.03964
 1.0281
 1.03992
 1.02707
 1.04038
 1.02616
 1.04098
 1.02543
 1.04168
 1.02493
 1.04244
 1.02471
 1.04318
 1.02478
 1.04385
 1.02518
 1.04438
 1.0259
 1.04472
 1.02689
 1.04486
 1.0281
 1.04478
 1.02942
 1.04449
 1.0304
 1.04402
 1.02922
 1.04341
 1.02831
 1.04271
 1.02772
 1.04196
 1.02747
 1.04123
 1.02754
 1.04056
 1.0279
 1.03998
 1.0285
 1.03953
 1.0293
 1.03923
 1.03024
 1.03908
 1.03051
 1.03908
 1.0296
 1.03924
 1.02871
 1.03954
 1.02789
 1.03997
 1.02719
 1.0405
 1.02665
 1.04111
 1.0263
 1.04174
 1.02618
 1.04235
 1.02631
 1.04289
 1.0267
 1.04331
 1.02733
 1.04358
 1.02818
 1.04369
 1.02919
 1.04362
 1.03028
 1.04339
 1.03115
 1.04301
 1.03016
 1.04251
 1.02938
 1.04194
 1.02885
 1.04132
 1.02859
 1.04071
 1.02859
 1.04013
 1.02883
 1.03962
 1.02927
 1.03921
 1.02989
 1.03891
 1.03064
 1.03873
 1.03148
 1.03867
 1.03073
 1.03875
 1.02996
 1.03894
 1.02923
 1.03924
 1.02858
 1.03965
 1.02803
 1.04013
 1.02763
 1.04065
 1.0274
 1.04118
 1.02736
 1.04169
 1.02752
 1.04213
 1.02789
 1.04247
 1.02846
 1.04268
 1.0292
 1.04276
 1.03006
 1.0427
 1.03098
 1.0425
 1.0317
 1.04218
 1.03086
 1.04177
 1.03019
 1.04129
 1.02972
 1.04077
 1.02947
 1.04025
 1.02943
 1.03975
 1.02959
 1.0393
 1.02993
 1.03893
 1.03042
 1.03864
 1.03103
 1.03845
 1.03173
 1.03837
 1.03155
 1.03839
 1.03089
 1.03851
 1.03024
 1.03873
 1.02965
 1.03903
 1.02913
 1.03941
 1.02871
 1.03984
 1.02843
 1.0403
 1.02829
 1.04075
 1.02832
 1.04117
 1.02852
 1.04153
 1.02889
 1.0418
 1.02942
 1.04196
 1.03008
 1.04201
 1.03083
 1.04194
 1.03162
 1.04176
 1.03207
 1.04148
 1.03135
 1.04112
 1.03078
 1.04071
 1.03038
 1.04027
 1.03016
 1.03982
 1.03012
 1.03938
 1.03025
 1.03899
 1.03052
 1.03866
 1.03093
 1.0384
 1.03144
 1.03822
 1.03203
 1.03812
 1.03213
 1.03811
 1.03155
 1.03819
 1.03098
 1.03836
 1.03045
 1.0386
 1.02997
 1.0389
 1.02957
 1.03926
 1.02927
 1.03965
 1.02909
 1.04005
 1.02904
 1.04044
 1.02914
 1.04078
 1.02938
 1.04106
 1.02976
 1.04126
 1.03027
 1.04137
 1.03088
 1.04138
 1.03155
 1.0413
 1.03223
 1.04112
 1.03228
 1.04086
 1.03168
 1.04054
 1.03121
 1.04017
 1.03089
 1.03979
 1.03072
 1.03939
 1.03069
 1.03902
 1.03081
 1.03868
 1.03106
 1.03839
 1.03142
 1.03816
 1.03186
 1.038
 1.03238
 1.03791
 1.03251
 1.03789
 1.03201
 1.03796
 1.0315
 1.03809
 1.03103
 1.03829
 1.03059
 1.03855
 1.03023
 1.03885
 1.02994
 1.03919
 1.02975
 1.03954
 1.02967
 1.03988
 1.02972
 1.0402
 1.02988
 1.04047
 1.03017
 1.04068
 1.03057
 1.04082
 1.03107
 1.04087
 1.03164
 1.04084
 1.03223
 1.04073
 1.03282
 1.04054
 1.03237
 1.04029
 1.03188
 1.03999
 1.03152
 1.03966
 1.03128
 1.03932
 1.03117
 1.03897
 1.03119
 1.03865
 1.03132
 1.03836
 1.03156
 1.03812
 1.0319
 1.03792
 1.0323
 1.03779
 1.03277
 1.03772
 1.03274
 1.03771
 1.03229
 1.03777
 1.03184
 1.03789
 1.03142
 1.03807
 1.03104
 1.0383
 1.03071
 1.03857
 1.03046
 1.03887
 1.03028
 1.03918
 1.03021
 1.03949
 1.03023
 1.03978
 1.03037
 1.04003
 1.0306
 1.04022
 1.03094
 1.04036
 1.03137
 1.04043
 1.03186
 1.04042
 1.03238
 1.04034
 1.03291
 1.0402
 1.03283
 1.03999
 1.03237
 1.03975
 1.03201
 1.03946
 1.03175
 1.03916
 1.0316
 1.03885
 1.03156
 1.03856
 1.03163
 1.03828
 1.0318
 1.03804
 1.03206
 1.03784
 1.03238
 1.03769
 1.03277
 1.0376
 1.0332
 1.03755
 1.03284
 1.03757
 1.03244
 1.03764
 1.03204
 1.03776
 1.03167
 1.03794
 1.03134
 1.03815
 1.03106
 1.0384
 1.03085
 1.03867
 1.03071
 1.03895
 1.03066
 1.03922
 1.03069
 1.03947
 1.03082
 1.03969
 1.03104
 1.03987
 1.03135
 1.03999
 1.03173
 1.04005
 1.03217
 1.04004
 1.03264
 1.03998
 1.03311
 1.03985
 1.03311
 1.03968
 1.03269
 1.03946
 1.03235
 1.03921
 1.0321
 1.03894
 1.03195
 1.03867
 1.0319
 1.0384
 1.03195
 1.03815
 1.03208
 1.03792
 1.03229
 1.03773
 1.03256
 1.03758
 1.03289
 1.03748
 1.03327
 1.03743
 1.03319
 1.03742
 1.03283
 1.03746
 1.03247
 1.03756
 1.03213
 1.03769
 1.03181
 1.03787
 1.03154
 1.03808
 1.03132
 1.03831
 1.03115
 1.03856
 1.03106
 1.03881
 1.03105
 1.03905
 1.03112
 1.03927
 1.03127
 1.03945
 1.0315
 1.0396
 1.0318
 1.03969
 1.03216
 1.03973
 1.03256
 1.03971
 1.03298
 1.03964
 1.0334
 1.03952
 1.03323
 1.03935
 1.03286
 1.03915
 1.03257
 1.03892
 1.03236
 1.03868
 1.03224
 1.03843
 1.0322
 1.03819
 1.03224
 1.03796
 1.03237
 1.03776
 1.03256
 1.03759
 1.03281
 1.03746
 1.03311
 1.03736
 1.03344
 1.03731
 1.03339
 1.0373
 1.03307
 1.03733
 1.03274
 1.03741
 1.03243
 1.03753
 1.03214
 1.03768
 1.03188
 1.03787
 1.03167
 1.03808
 1.03151
 1.0383
 1.03141
 1.03853
 1.03138
 1.03875
 1.03142
 1.03895
 1.03154
 1.03913
 1.03172
 1.03928
 1.03198
 1.03938
 1.03228
 1.03943
 1.03264
 1.03944
 1.03301
 1.03939
 1.0334
 1.0393
 1.03358
 1.03917
 1.03323
 1.03901
 1.03293
 1.03881
 1.0327
 1.0386
 1.03254
 1.03837
 1.03247
 1.03815
 1.03246
 1.03794
 1.03253
 1.03774
 1.03267
 1.03757
 1.03286
 1.03742
 1.0331
 1.03731
 1.03339
 1.03723
 1.0337
 1.0372
 1.03347
 1.0372
 1.03317
 1.03724
 1.03288
 1.03732
 1.0326
 1.03743
 1.03234
 1.03758
 1.03211
 1.03775
 1.03192
 1.03794
 1.03179
 1.03814
 1.0317
 1.03835
 1.03168
 1.03855
 1.03172
 1.03874
 1.03183
 1.0389
 1.032
 1.03903
 1.03223
 1.03913
 1.03251
 1.03918
 1.03283
 1.03919
 1.03317
 1.03915
 1.03352
 1.03908
 1.03377
 1.03896
 1.03344
 1.03881
 1.03316
 1.03864
 1.03294
 1.03845
 1.03279
 1.03825
 1.0327
 1.03804
 1.03268
 1.03784
 1.03273
 1.03766
 1.03284
 1.03749
 1.033
 1.03735
 1.03321
 1.03724
 1.03345
 1.03716
 1.03373
 1.03711
 1.03372
 1.0371
 1.03345
 1.03712
 1.03318
 1.03718
 1.03291
 1.03727
 1.03266
 1.03739
 1.03244
 1.03754
 1.03225
 1.0377
 1.0321
 1.03788
 1.032
 1.03807
 1.03195
 1.03826
 1.03195
 1.03844
 1.03201
 1.03861
 1.03213
 1.03875
 1.03231
 1.03885
 1.03254
 1.03893
 1.03281
 1.03896
 1.03311
 1.03896
 1.03342
 1.03892
 1.03374
 1.03884
 1.03382
 1.03873
 1.03353
 1.03859
 1.03329
 1.03843
 1.03309
 1.03825
 1.03296
 1.03806
 1.03289
 1.03788
 1.03288
 1.03769
 1.03293
 1.03753
 1.03303
 1.03738
 1.03319
 1.03725
 1.03338
 1.03714
 1.03361
 1.03707
 1.03386
 1.03703
 1.03384
 1.03702
 1.03359
 1.03704
 1.03334
 1.03709
 1.0331
 1.03717
 1.03287
 1.03728
 1.03266
 1.03741
 1.03248
 1.03756
 1.03234
 1.03772
 1.03224
 1.0379
 1.03218
 1.03807
 1.03218
 1.03824
 1.03222
 1.03839
 1.03232
 1.03853
 1.03247
 1.03864
 1.03267
 1.03871
 1.03291
 1.03876
 1.03317
 1.03877
 1.03346
 1.03874
 1.03375
 1.03868
 1.03404
 1.03859
 1.03377
 1.03847
 1.03353
 1.03833
 1.03333
 1.03817
 1.03318
 1.038
 1.03309
 1.03783
 1.03305
 1.03766
 1.03307
 1.0375
 1.03314
 1.03735
 1.03326
 1.03722
 1.03342
 1.03711
 1.03361
 1.03703
 1.03383
 1.03697
 1.03408
 1.03694
 1.03386
 1.03694
 1.03363
 1.03697
 1.0334
 1.03703
 1.03318
 1.03711
 1.03297
 1.03722
 1.03279
 1.03734
 1.03263
 1.03749
 1.03251
 1.03764
 1.03242
 1.0378
 1.03238
 1.03796
 1.03239
 1.03812
 1.03244
 1.03826
 1.03254
 1.03838
 1.03268
 1.03848
 1.03287
 1.03854
 1.03309
 1.03858
 1.03334
 1.03859
 1.03361
 1.03856
 1.03388
 1.03851
 1.03414
 1.03842
 1.03388
 1.03831
 1.03366
 1.03818
 1.03347
 1.03804
 1.03333
 1.03788
 1.03325
 1.03772
 1.03321
 1.03757
 1.03323
 1.03742
 1.03329
 1.03728
 1.03339
 1.03715
 1.03353
 1.03705
 1.0337
 1.03697
 1.03391
 1.03691
 1.03413
 1.03688
 1.03401
 1.03687
 1.03379
 1.03689
 1.03358
 1.03694
 1.03337
 1.03701
 1.03318
 1.0371
 1.033
 1.03721
 1.03284
 1.03734
 1.03272
 1.03748
 1.03263
 1.03763
 1.03258
 1.03778
 1.03257
 1.03792
 1.0326
 1.03806
 1.03267
 1.03818
 1.03279
 1.03828
 1.03294
 1.03836
 1.03314
 1.03841
 1.03336
 1.03843
 1.0336
 1.03842
 1.03384
 1.03838
 1.03409
 1.03832
 1.03412
 1.03823
 1.03389
 1.03812
 1.0337
 1.03799
 1.03354
 1.03786
 1.03343
 1.03771
 1.03337
 1.03756
 1.03335
 1.03742
 1.03338
 1.03728
 1.03345
 1.03716
 1.03355
 1.03705
 1.03369
 1.03696
 1.03386
 1.03689
 1.03406
 1.03684
 1.03425
 1.03681
 1.03406
 1.03681
 1.03386
 1.03684
 1.03366
 1.03688
 1.03346
 1.03695
 1.03328
 1.03704
 1.03312
 1.03715
 1.03298
 1.03727
 1.03287
 1.0374
 1.03279
 1.03754
 1.03274
 1.03767
 1.03273
 1.03781
 1.03276
 1.03793
 1.03283
 1.03805
 1.03294
 1.03814
 1.03309
 1.03821
 1.03326
 1.03826
 1.03347
 1.03828
 1.03369
 1.03828
 1.03392
 1.03824
 1.03415
 1.03819
 1.03423
 1.03811
 1.03402
 1.03801
 1.03383
 1.03789
 1.03368
 1.03777
 1.03357
 1.03763
 1.0335
 1.0375
 1.03348
 1.03736
 1.0335
 1.03723
 1.03355
 1.03711
 1.03364
 1.03701
 1.03376
 1.03692
 1.03391
 1.03685
 1.03409
 1.03679
 1.03428
 1.03676
 1.0342
 1.03676
 1.03402
 1.03677
 1.03383
 1.0368
 1.03365
 1.03686
 1.03347
 1.03693
 1.03331
 1.03703
 1.03318
 1.03713
 1.03306
 1.03725
 1.03297
 1.03738
 1.03291
 1.03751
 1.03288
 1.03763
 1.03289
 1.03776
 1.03294
 1.03787
 1.03302
 1.03797
 1.03314
 1.03805
 1.03329
 1.0381
 1.03346
 1.03814
 1.03366
 1.03815
 1.03387
 1.03814
 1.03409
 1.0381
 1.0343
 1.03804
 1.03424
 1.03796
 1.03405
 1.03786
 1.03388
 1.03775
 1.03375
 1.03763
 1.03366
 1.0375
 1.03361
 1.03738
 1.03359
 1.03725
 1.03362
 1.03713
 1.03368
 1.03702
 1.03377
 1.03693
 1.03389
 1.03685
 1.03403
 1.03678
 1.03419
 1.03674
 1.03437
 1.03671
 1.03425
 1.0367
 1.03408
 1.03672
 1.03391
 1.03675
 1.03374
 1.03681
 1.03357
 1.03688
 1.03343
 1.03696
 1.0333
 1.03706
 1.03319
 1.03717
 1.0331
 1.03729
 1.03305
 1.03741
 1.03302
 1.03753
 1.03303
 1.03765
 1.03307
 1.03775
 1.03314
 1.03785
 1.03325
 1.03792
 1.03339
 1.03798
 1.03355
 1.03802
 1.03373
 1.03803
 1.03393
 1.03802
 1.03413
 1.03799
 1.03433
 1.03794
 1.03435
 1.03787
 1.03417
 1.03778
 1.03401
 1.03768
 1.03388
 1.03757
 1.03378
 1.03745
 1.03372
 1.03733
 1.0337
 1.03721
 1.03371
 1.0371
 1.03375
 1.037
 1.03383
 1.0369
 1.03393
 1.03682
 1.03406
 1.03675
 1.03421
 1.0367
 1.03437
 1.03667
 1.03439
 1.03666
 1.03423
 1.03666
 1.03406
 1.03669
 1.0339
 1.03673
 1.03374
 1.03679
 1.0336
 1.03686
 1.03347
 1.03695
 1.03335
 1.03705
 1.03326
 1.03715
 1.0332
 1.03727
 1.03316
 1.03738
 1.03315
 1.03749
 1.03317
 1.0376
 1.03322
 1.03769
 1.0333
 1.03777
 1.03341
 1.03784
 1.03355
 1.03788
 1.03371
 1.03791
 1.03388
 1.03792
 1.03407
 1.0379
 1.03426
 1.03787
 1.03444
 1.03782
 1.03437
 1.03774
 1.0342
 1.03766
 1.03406
 1.03756
 1.03394
 1.03746
 1.03386
 1.03735
 1.03381
 1.03724
 1.03379
 1.03713
 1.03381
 1.03702
 1.03386
 1.03692
 1.03393
 1.03684
 1.03403
 1.03676
 1.03415
 1.0367
 1.03429
 1.03665
 1.03445
 1.03663
 1.03443
 1.03661
 1.03428
 1.03662
 1.03413
 1.03664
 1.03398
 1.03668
 1.03383
 1.03674
 1.03369
 1.03681
 1.03357
 1.03689
 1.03346
 1.03698
 1.03338
 1.03708
 1.03331
 1.03719
 1.03327
 1.03729
 1.03326
 1.0374
 1.03328
 1.0375
 1.03332
 1.03759
 1.0334
 1.03767
 1.0335
 1.03773
 1.03362
 1.03778
 1.03377
 1.03781
 1.03393
 1.03782
 1.0341
 1.03781
 1.03428
 1.03778
 1.03445
 1.03773
 1.03447
 1.03767
 1.03431
 1.03759
 1.03417
 1.03751
 1.03405
 1.03741
 1.03397
 1.03731
 1.03391
 1.0372
 1.03388
 1.0371
 1.03389
 1.037
 1.03392
 1.0369
 1.03398
 1.03682
 1.03407
 1.03674
 1.03417
 1.03668
 1.0343
 1.03663
 1.03444
 1.03659
 1.03455
 1.03658
 1.03441
 1.03657
 1.03426
 1.03659
 1.03412
 1.03662
 1.03398
 1.03666
 1.03384
 1.03672
 1.03372
 1.03679
 1.03361
 1.03687
 1.03352
 1.03696
 1.03345
 1.03706
 1.0334
 1.03716
 1.03337
 1.03726
 1.03337
 1.03736
 1.0334
 1.03745
 1.03345
 1.03753
 1.03353
 1.0376
 1.03363
 1.03766
 1.03376
 1.0377
 1.0339
 1.03772
 1.03406
 1.03772
 1.03422
 1.03771
 1.03439
 1.03768
 1.03455
 1.03763
 1.03448
 1.03757
 1.03434
 1.03749
 1.03421
 1.03741
 1.03411
 1.03731
 1.03403
 1.03722
 1.03398
 1.03712
 1.03396
 1.03702
 1.03397
 1.03693
 1.03401
 1.03684
 1.03407
 1.03676
 1.03415
 1.03669
 1.03425
 1.03663
 1.03437
 1.03659
 1.03451
 1.03655
 1.03459
 1.03654
 1.03445
 1.03654
 1.03431
 1.03655
 1.03418
 1.03658
 1.03405
 1.03662
 1.03392
 1.03668
 1.0338
 1.03674
 1.0337
 1.03682
 1.03361
 1.03691
 1.03354
 1.037
 1.0335
 1.03709
 1.03347
 1.03719
 1.03347
 1.03728
 1.03349
 1.03736
 1.03354
 1.03744
 1.03361
 1.03751
 1.0337
 1.03756
 1.03382
 1.0376
 1.03395
 1.03763
 1.0341
 1.03763
 1.03425
 1.03763
 1.03441
 1.0376
 1.03456
 1.03756
 1.03457
 1.0375
 1.03443
 1.03744
 1.0343
 1.03736
 1.0342
 1.03727
 1.03412
 1.03718
 1.03407
 1.03709
 1.03404
 1.03699
 1.03404
 1.0369
 1.03407
 1.03682
 1.03411
 1.03674
 1.03419
 1.03667
 1.03428
 1.03661
 1.03438
 1.03656
 1.0345
 1.03653
 1.03464
 1.03651
 1.03455
 1.0365
 1.03443
 1.03651
 1.0343
 1.03653
 1.03417
 1.03656
 1.03405
 1.03661
 1.03393
 1.03667
 1.03383
 1.03673
 1.03374
 1.03681
 1.03366
 1.0369
 1.03361
 1.03698
 1.03357
 1.03707
 1.03356
 1.03716
 1.03356
 1.03725
 1.0336
 1.03733
 1.03365
 1.0374
 1.03373
 1.03746
 1.03382
 1.0375
 1.03394
 1.03753
 1.03407
 1.03755
 1.03421
 1.03755
 1.03436
 1.03754
 1.0345
 1.03751
 1.03465
 1.03747
 1.03458
 1.03741
 1.03444
 1.03734
 1.03433
 1.03727
 1.03424
 1.03719
 1.03417
 1.0371
 1.03413
 1.03701
 1.03411
 1.03692
 1.03411
 1.03684
 1.03414
 1.03676
 1.03419
 1.03669
 1.03426
 1.03662
 1.03435
 1.03657
 1.03445
 1.03652
 1.03457
 1.03649
 1.0347
 1.03647
 1.03458
 1.03647
 1.03446
 1.03648
 1.03434
 1.0365
 1.03422
 1.03653
 1.0341
 1.03657
 1.034
 1.03663
 1.0339
 1.03669
 1.03381
 1.03677
 1.03374
 1.03685
 1.03369
 1.03693
 1.03365
 1.03701
 1.03364
 1.0371
 1.03365
 1.03718
 1.03368
 1.03725
 1.03373
 1.03732
 1.0338
 1.03738
 1.03389
 1.03742
 1.03399
 1.03746
 1.03412
 1.03747
 1.03425
 1.03748
 1.03439
 1.03747
 1.03453
 1.03744
 1.03466
 1.0374
 1.03465
 1.03735
 1.03452
 1.03729
 1.03441
 1.03722
 1.03431
 1.03715
 1.03424
 1.03706
 1.0342
 1.03698
 1.03417
 1.0369
 1.03417
 1.03682
 1.03419
 1.03674
 1.03423
 1.03667
 1.0343
 1.0366
 1.03437
 1.03655
 1.03447
 1.0365
 1.03457
 1.03647
 1.03469
 1.03645
 1.03467
 1.03644
 1.03455
 1.03644
 1.03443
 1.03646
 1.03432
 1.03648
 1.03421
 1.03652
 1.0341
 1.03657
 1.034
 1.03663
 1.03392
 1.03669
 1.03384
 1.03676
 1.03379
 1.03684
 1.03374
 1.03692
 1.03372
 1.037
 1.03372
 1.03708
 1.03373
 1.03716
 1.03377
 1.03722
 1.03383
 1.03728
 1.0339
 1.03733
 1.034
 1.03737
 1.03411
 1.0374
 1.03423
 1.03741
 1.03436
 1.03741
 1.03449
 1.03739
 1.03462
 1.03736
 1.03475
 1.03732
 1.03464
 1.03727
 1.03452
 1.03721
 1.03442
 1.03714
 1.03434
 1.03707
 1.03428
 1.03699
 1.03424
 1.03691
 1.03423
 1.03683
 1.03423
 1.03675
 1.03426
 1.03668
 1.0343
 1.03662
 1.03437
 1.03656
 1.03444
 1.03651
 1.03454
 1.03647
 1.03464
 1.03644
 1.03475
 1.03642
 1.03468
 1.03641
 1.03457
 1.03641
 1.03446
 1.03643
 1.03435
 1.03646
 1.03425
 1.03649
 1.03415
 1.03654
 1.03405
 1.0366
 1.03397
 1.03666
 1.03391
 1.03673
 1.03385
 1.0368
 1.03381
 1.03688
 1.03379
 1.03696
 1.03379
 1.03703
 1.03381
 1.0371
 1.03384
 1.03717
 1.0339
 1.03722
 1.03397
 1.03727
 1.03406
 1.03731
 1.03416
 1.03733
 1.03428
 1.03734
 1.0344
 1.03734
 1.03452
 1.03733
 1.03465
 1.0373
 1.03477
 1.03726
 1.03469
 1.03722
 1.03458
 1.03716
 1.03448
 1.03709
 1.0344
 1.03702
 1.03434
 1.03695
 1.0343
 1.03688
 1.03428
 1.0368
 1.03429
 1.03673
 1.03431
 1.03666
 1.03435
 1.03659
 1.0344
 1.03654
 1.03447
 1.03649
 1.03456
 1.03645
 1.03465
 1.03642
 1.03476
 1.03639
 1.03474
 1.03638
 1.03464
 1.03639
 1.03453
 1.0364
 1.03443
 1.03642
 1.03433
 1.03645
 1.03423
 1.03649
 1.03414
 1.03654
 1.03406
 1.0366
 1.03399
 1.03667
 1.03393
 1.03674
 1.03389
 1.03681
 1.03387
 1.03688
 1.03386
 1.03695
 1.03387
 1.03702
 1.03389
 1.03709
 1.03394
 1.03714
 1.034
 1.03719
 1.03408
 1.03723
 1.03417
 1.03726
 1.03427
 1.03728
 1.03438
 1.03728
 1.0345
 1.03727
 1.03462