 2.30367
 0.315726
 1.96059
 0.458225
 1.71449
 0.876969
 1.49871
 0.864957
 1.52824
 0.930322
 1.51419
 1.03038
 1.4603
 1.05599
 1.39774
 1.04885
 1.36744
 1.06249
 1.38726
 1.08881
 1.39175
 1.1209
 1.37948
 1.15339
 1.35414
 1.14348
 1.3275
 1.13986
 1.34435
 1.14792
 1.35265
 1.16487
 1.34928
 1.18583
 1.3396
 1.19383
 1.33677
 1.18353
 1.32985
 1.17877
 1.32023
 1.17781
 1.31354
 1.18157
 1.31683
 1.18913
 1.31473
 1.19944
 1.31315
 1.20414
 1.31052
 1.20243
 1.30301
 1.20351
 1.30256
 1.20696
 1.30438
 1.21043
 1.30664
 1.21177
 1.31196
 1.21748
 1.31399
 1.22663
 1.31256
 1.22113
 1.30811
 1.21593
 1.30134
 1.21303
 1.29308
 1.21275
 1.28784
 1.21491
 1.29234
 1.21907
 1.29566
 1.22458
 1.296
 1.22871
 1.29357
 1.22869
 1.28875
 1.22888
 1.28377
 1.22775
 1.28724
 1.22574
 1.2927
 1.22642
 1.29691
 1.22979
 1.29919
 1.23378
 1.29928
 1.23505
 1.2973
 1.23501
 1.29353
 1.23147
 1.28848
 1.22926
 1.28293
 1.22858
 1.28044
 1.22937
 1.28256
 1.23143
 1.28505
 1.23447
 1.28591
 1.23819
 1.28513
 1.23985
 1.28279
 1.23938
 1.27912
 1.23859
 1.27835
 1.23627
 1.28225
 1.23553
 1.28585
 1.2365
 1.2886
 1.23861
 1.29012
 1.23919
 1.29026
 1.23998
 1.28905
 1.24091
 1.28667
 1.24056
 1.28342
 1.23848
 1.27974
 1.23737
 1.27701
 1.23728
 1.27601
 1.23814
 1.2781
 1.23982
 1.27961
 1.24214
 1.28004
 1.2449
 1.27936
 1.24479
 1.27763
 1.24418
 1.27502
 1.24357
 1.27484
 1.24234
 1.27768
 1.24168
 1.28039
 1.24219
 1.2826
 1.243
 1.28404
 1.24348
 1.28455
 1.24418
 1.28412
 1.24501
 1.28283
 1.24589
 1.28082
 1.24449
 1.27833
 1.24315
 1.27564
 1.24254
 1.27335
 1.24267
