[ 6.0 , -5.0 ] 
[ 4.5 , -5.0 ] 
[ 7.0 , -5.0 ] 
[ 7.2 , -3.9285714285714284 ] 
[ 6.550000053644173 , -3.8 ] 
[ 6.550000053644173 , -3.8 ] 
[ 6.193103373433414 , -3.8 ] 
[ 5.800000063578268 , -3.8 ] 
[ 5.800000063578268 , -3.8 ] 
[ 4.776470390020663 , -3.8 ] 
[ 4.333333324503015 , -3.8 ] 
[ 4.333333307823528 , -3.8 ] 
[ 2.3402704485282637 , -2.0784313883627896 ] 
[ 2.4525899934408137 , -2.0784313883627896 ] 
[ 3.0191818380761517 , -2.0784313883627896 ] 
[ 3.21518219889492 , -2.0784313883627896 ] 
[ 2.991716135247911 , -2.0784313883627896 ] 
[ 2.991716135247911 , -2.0784313883627896 ] 
[ 2.991716135247911 , -2.0784313883627896 ] 
[ 2.991716135247911 , -2.0784313883627896 ] 
[ 2.991716135247911 , -2.0784313883627896 ] 
[ 2.991716135247911 , -2.0784313883627896 ] 
[ 2.991716135247911 , -2.0784313883627896 ] 
[ 2.991716135247911 , -2.0784313883627896 ] 
[ 2.991716135247911 , -0.36986551200345097 ] 
[ 2.8598154881003435 , -0.36986551200345097 ] 
[ 2.8598154881003435 , -0.36986551200345097 ] 
[ 2.8598154881003435 , -0.36986551200345097 ] 
[ 2.8598154881003435 , -0.36986551200345097 ] 
[ 2.8598154881003435 , -0.36986551200345097 ] 
[ 2.8598154881003435 , -0.36986551200345097 ] 
[ 2.900765876169914 , -0.36986551200345097 ] 
[ 2.8993400914265113 , -0.36986551200345097 ] 
[ 2.89934009099855 , -0.36986551200345097 ] 
[ 2.89934009099855 , -0.36986551200345097 ] 
[ 2.89934009099855 , -0.36986551200345097 ] 
[ 2.89934009099855 , -0.36986551200345097 ] 
[ 2.89934009099855 , -0.36986551200345097 ] 
[ 2.8297635086853465 , -0.36986551200345097 ] 
[ 2.735247323557842 , -0.36986551200345097 ] 
[ 2.735247246482524 , -0.36986551200345097 ] 
[ 2.735247246482524 , -0.36986551200345097 ] 
[ 2.735247246482524 , -0.36986551200345097 ] 
[ 2.735247246482524 , -0.7470738672947657 ] 
[ 2.735247246482524 , -0.7470738672947657 ] 
[ 2.735247246482524 , -0.7470738672947657 ] 
[ 2.735247246482524 , -0.7470738672947657 ] 
[ 2.735247246482524 , -0.7470738672947657 ] 
[ 2.735247246482524 , -0.7470738672947657 ] 
[ 2.735247246482524 , -0.7470738672947657 ] 
[ 2.735247246482524 , -0.7470738672947657 ] 
[ 2.735247246482524 , -0.7470738672947657 ] 
[ 2.735247246482524 , -0.7470738672947657 ] 
[ 2.735247246482524 , -0.7470738672947657 ] 
[ 2.735247246482524 , -0.7470738672947657 ] 
[ 2.735247246482524 , -0.7470738672947657 ] 
[ 2.735247246482524 , -0.7470738672947657 ] 
[ 2.54685513641141 , -0.7470738672947657 ] 
[ 2.54685513641141 , -0.7470738672947657 ] 
[ 2.54685513641141 , -0.7470738672947657 ] 
[ 2.54685513641141 , -0.7470738672947657 ] 
[ 2.54685513641141 , -0.7470738672947657 ] 
[ 2.6708865473717225 , -0.7470738672947657 ] 
[ 2.6708865253266625 , -0.7470738672947657 ] 
[ 2.0346097786777144 , -0.6140819971347282 ] 
[ 2.04629854800357 , -0.6140819971347282 ] 
[ 2.04629854800357 , -0.6140819971347282 ] 
[ 2.04629854800357 , -0.6140819971347282 ] 
[ 1.9470063524212788 , -0.6140819971347282 ] 
[ 2.031526879310586 , -0.6140819971347282 ] 
[ 2.031526879310586 , -0.6140819971347282 ] 
[ 2.031526879310586 , -0.6140819971347282 ] 
[ 2.0312274253295164 , -0.6140819971347282 ] 
[ 2.0312274253295164 , -0.6140819971347282 ] 
[ 1.9370800726926305 , -0.6140819971347282 ] 
[ 1.9370800726926305 , -0.6140819971347282 ] 
[ 1.9362451335374697 , -0.6140819971347282 ] 
[ 1.9389546795473174 , -0.6140819971347282 ] 
[ 1.9863004617000868 , -0.6140819971347282 ] 
[ 1.7422191601752208 , -0.6140819971347282 ] 
[ 1.802319418618858 , -0.6140819971347282 ] 
[ 1.802319418618858 , -0.6140819971347282 ] 
[ 1.802319418618858 , -0.6140819971347282 ] 
[ 1.802319418618858 , -0.6140819971347282 ] 
[ 1.802319418618858 , -0.6140819971347282 ] 
[ 1.802319418618858 , -0.6140819971347282 ] 
[ 1.802319418618858 , -0.6140819971347282 ] 
[ 1.802319418618858 , -0.6140819971347282 ] 
[ 1.802319418618858 , -0.6140819971347282 ] 
[ 1.8018182093737807 , -0.6140819971347282 ] 
[ 1.6257271264533184 , -0.6140819971347282 ] 
[ 1.6257271264533184 , -0.6140819971347282 ] 
[ 1.7468502267381742 , -0.6140819971347282 ] 
[ 1.8929908689386137 , -0.6140819971347282 ] 
[ 1.8929908689386137 , -0.6140819971347282 ] 
[ 1.8929908689386137 , -0.6140819971347282 ] 
[ 1.8929908689386137 , -0.6140819971347282 ] 
[ 1.8929908689386137 , -0.6140819971347282 ] 
[ 1.8929908689386137 , -0.6140819971347282 ] 
[ 1.8929908689386137 , -0.6140819971347282 ] 
[ 1.8929908689386137 , -0.6140819971347282 ] 
[ 1.8929908689386137 , -0.6140819971347282 ] 
[ 1.8929908689386137 , -0.6140819971347282 ] 
[ 1.8929908689386137 , -0.6140819971347282 ] 
[ 1.8929908689386137 , -0.6140819971347282 ] 
[ 1.8929908689386137 , -0.6140819971347282 ] 
[ 1.8929908689386137 , -0.6140819971347282 ] 
[ 1.8929908689386137 , -0.6140819971347282 ] 
[ 1.8929908689386137 , -0.6140819971347282 ] 
[ 1.8929908689386137 , -0.6140819971347282 ] 
[ 1.8929908689386137 , -0.6140819971347282 ] 
[ 1.8929908689386137 , -0.6140819971347282 ] 
[ 1.8929908689386137 , -0.6140819971347282 ] 
[ 1.8929908689386137 , -0.6140819971347282 ] 
[ 1.8929908689386137 , -0.6140819971347282 ] 
[ 1.8929908689386137 , -0.6140819971347282 ] 
[ 1.2737301702089312 , -0.6140819971347282 ] 
[ 1.2737301702089312 , -0.6140819971347282 ] 
[ 1.2737301702089312 , -0.6140819971347282 ] 
[ 1.2737301702089312 , -0.6140819971347282 ] 
[ 1.2737301702089312 , -0.6140819971347282 ] 
[ 1.2737301702089312 , -0.6792920132402577 ] 
[ 1.2737301702089312 , -0.6792920132402577 ] 
[ 1.6186235172923737 , -0.7449628547525451 ] 
[ 1.6186235172923737 , -0.7449628547525451 ] 
[ 1.6186235172923737 , -0.7449628547525451 ] 
[ 1.6186235172923737 , -0.7449628547525451 ] 
[ 1.6186235172923737 , -0.7449628547525451 ] 
[ 1.6186235172923737 , -0.7449628547525451 ] 
[ 1.6186235172923737 , -0.7449628547525451 ] 
[ 1.6186235172923737 , -0.7449628547525451 ] 
[ 1.6186235172923737 , -0.7449628547525451 ] 
[ 1.585178587546976 , -0.7449628547525451 ] 
[ 1.6275911086123906 , -0.7449628547525451 ] 
[ 1.8304008451134388 , -0.7449628547525451 ] 
[ 1.8586522466583555 , -0.7449628547525451 ] 
[ 1.858652261225629 , -0.7449628547525451 ] 
[ 1.858652261225629 , -0.7449628547525451 ] 
[ 1.858652261225629 , -0.7449628547525451 ] 
[ 1.858652261225629 , -0.7449628547525451 ] 
[ 1.858652261225629 , -0.7449628547525451 ] 
[ 1.858652261225629 , -0.7449628547525451 ] 
[ 1.858652261225629 , -0.7449628547525451 ] 
[ 1.858652261225629 , -0.7449628547525451 ] 
[ 1.858652261225629 , -0.7449628547525451 ] 
[ 1.858652261225629 , -0.7449628547525451 ] 
[ 1.8123712714504694 , -0.7449628547525451 ] 
[ 1.8167482003531805 , -0.7449628547525451 ] 
[ 1.8167482003531805 , -0.7449628547525451 ] 
[ 1.8167482003531805 , -0.7449628547525451 ] 
[ 1.827580476103809 , -0.7449628547525451 ] 
[ 1.831637375858661 , -0.7449628547525451 ] 
[ 1.831637375858661 , -0.7449628547525451 ] 
[ 1.831637375858661 , -0.7449628547525451 ] 
[ 1.831637375858661 , -0.7449628547525451 ] 
[ 1.8325968370752175 , -0.7449628547525451 ] 
[ 1.8325968370752175 , -0.7449628547525451 ] 
[ 1.8325968370752175 , -0.7449628547525451 ] 
[ 1.8325968370752175 , -0.7449628547525451 ] 
[ 1.8325968370752175 , -0.7449628547525451 ] 
[ 1.8325968370752175 , -0.7449628547525451 ] 
[ 1.8325968370752175 , -0.7449628547525451 ] 
[ 1.8325968370752175 , -0.7449628547525451 ] 
[ 1.8325968370752175 , -0.7449628547525451 ] 
[ 1.8325968370752175 , -0.7449628547525451 ] 
[ 1.8325968370752175 , -0.7449628547525451 ] 
[ 1.8325968370752175 , -0.7449628547525451 ] 
[ 1.8325968370752175 , -0.7449628547525451 ] 
[ 1.8325968370752175 , -0.7449628547525451 ] 
[ 1.8448079408141618 , -0.7449628547525451 ] 
[ 1.8448079408141618 , -0.7449628547525451 ] 
[ 1.8448079408141618 , -0.7449628547525451 ] 
[ 1.8448079408141618 , -0.7449628547525451 ] 
[ 1.8448079408141618 , -0.7449628547525451 ] 
[ 1.8448079408141618 , -0.7449628547525451 ] 
[ 1.8448079408141618 , -0.7449628547525451 ] 
[ 1.8373902893386274 , -0.7449628547525451 ] 
[ 1.8306661103175768 , -0.7449628547525451 ] 
[ 1.8306661103175768 , -0.7449628547525451 ] 
[ 1.8306661103175768 , -0.7449628547525451 ] 
[ 1.8306661103175768 , -0.19223231686391395 ] 
[ 1.8306661103175768 , -0.19223231686391395 ] 
[ 1.8306661103175768 , -0.19223231686391395 ] 
[ 1.8306661103175768 , -0.19223231686391395 ] 
[ 1.8306661103175768 , -0.19223231686391395 ] 
[ 1.8306661103175768 , -0.19223231686391395 ] 
[ 1.8306661103175768 , -0.19223231686391395 ] 
[ 1.8306661103175768 , -0.19223231686391395 ] 
[ 1.8306661103175768 , -0.19223231686391395 ] 
[ 1.8306661103175768 , -0.19223231686391395 ] 
[ 1.764184206912636 , -0.19223231686391395 ] 
[ 1.6652688133884213 , -0.19223231686391395 ] 
[ 1.6756059513853496 , -0.19223231686391395 ] 
[ 1.721920084927386 , -0.19223231686391395 ] 
[ 1.734578423368797 , -0.19223231686391395 ] 
[ 1.734578423368797 , -0.19223231686391395 ] 
[ 1.734578423368797 , -0.19223231686391395 ] 
[ 1.7042069933381965 , -0.19223231686391395 ] 
[ 1.6596491021922302 , -0.19223231686391395 ] 
[ 1.6596491021922302 , -0.19223231686391395 ] 
[ 1.56298545074552 , -0.19223231686391395 ] 
[ 1.5277688775323373 , -0.19223231686391395 ] 
[ 1.4088633171346714 , -0.19223231686391395 ] 
[ 1.4088633171346714 , -0.19223231686391395 ] 
[ 1.4088633171346714 , -0.19223231686391395 ] 
[ 1.4088633171346714 , -0.19223231686391395 ] 
[ 1.4088633171346714 , -0.19223231686391395 ] 
[ 1.4088633171346714 , -0.19223231686391395 ] 
[ 1.4088633171346714 , -0.19223231686391395 ] 
[ 1.4088633171346714 , -0.19223231686391395 ] 
[ 1.4088633171346714 , -0.19223231686391395 ] 
[ 1.4088633171346714 , -0.19223231686391395 ] 
[ 1.3632023852051092 , -0.19223231686391395 ] 
[ 1.3502413133128899 , -0.19223231686391395 ] 
[ 1.3502413133128899 , -0.19223231686391395 ] 
[ 1.3502413133128899 , -0.19223231686391395 ] 
[ 1.3502413133128899 , -0.19223231686391395 ] 
[ 1.3502413133128899 , -0.19223231686391395 ] 
[ 1.3502413133128899 , -0.19223231686391395 ] 
[ 1.3502413133128899 , -0.19223231686391395 ] 
[ 1.3502413133128899 , -0.19223231686391395 ] 
[ 1.3502413133128899 , -0.19223231686391395 ] 
[ 1.3502413133128899 , -0.19223231686391395 ] 
[ 1.3502413133128899 , -0.19223231686391395 ] 
[ 1.286553587465684 , -0.19223231686391395 ] 
[ 1.2865535545934381 , -0.19223231686391395 ] 
[ 1.2865535545934381 , -0.19223231686391395 ] 
[ 1.2865535545934381 , -0.19223231686391395 ] 
[ 1.2865535545934381 , -0.19223231686391395 ] 
[ 1.2865535545934381 , -0.19223231686391395 ] 
[ 1.2865535545934381 , -0.19223231686391395 ] 
[ 1.2865535545934381 , -0.19223231686391395 ] 
[ 1.2865535545934381 , -0.19223231686391395 ] 
[ 1.2865535545934381 , -0.19223231686391395 ] 
[ 1.2865535545934381 , -0.19223231686391395 ] 
[ 1.2865535545934381 , -0.19223231686391395 ] 
[ 1.2865535545934381 , -0.19223231686391395 ] 
[ 1.2865535545934381 , -0.19223231686391395 ] 
[ 1.2865535545934381 , -0.19223231686391395 ] 
[ 1.2865535545934381 , -0.19223231686391395 ] 
[ 1.2865535545934381 , -0.19223231686391395 ] 
[ 1.2865535545934381 , -0.19223231686391395 ] 
[ 1.2865535545934381 , -0.19223231686391395 ] 
[ 1.2865535545934381 , -0.19223231686391395 ] 
[ 1.2865535545934381 , -0.19223231686391395 ] 
[ 1.2865535545934381 , -0.19223231686391395 ] 
[ 1.2865535545934381 , -0.19223231686391395 ] 
[ 1.2865535545934381 , -0.19223231686391395 ] 
[ 1.2865535545934381 , -0.19223231686391395 ] 
[ 1.2865535545934381 , -0.19223231686391395 ] 
[ 1.2865535545934381 , -0.19223231686391395 ] 
[ 1.2865535545934381 , -0.19223231686391395 ] 
[ 1.2865535545934381 , -0.19223231686391395 ] 
[ 1.2865535545934381 , -0.19223231686391395 ] 
[ 1.2865535545934381 , -0.19223231686391395 ] 
[ 1.2865535545934381 , -0.19223231686391395 ] 
[ 1.2865535545934381 , -0.19223231686391395 ] 
[ 1.2865535545934381 , -0.19223231686391395 ] 
[ 1.2865535545934381 , -0.19223231686391395 ] 
[ 1.2865535545934381 , -0.19223231686391395 ] 
[ 1.2865535545934381 , -0.19223231686391395 ] 
[ 1.2865535545934381 , -0.19223231686391395 ] 
[ 1.2865535545934381 , -0.19223231686391395 ] 
[ 1.2865535545934381 , -0.19223231686391395 ] 
[ 1.2865535545934381 , -0.19223231686391395 ] 
[ 1.2865535545934381 , -0.19223231686391395 ] 
[ 1.2865535545934381 , -0.19223231686391395 ] 
[ 1.2865535545934381 , -0.19223231686391395 ] 
[ 1.2865535545934381 , -0.19223231686391395 ] 
[ 1.2865535545934381 , -0.19223231686391395 ] 
[ 1.2865535545934381 , -0.19223231686391395 ] 
[ 1.2865535545934381 , -0.19223231686391395 ] 
[ 1.2865535545934381 , -0.19223231686391395 ] 
[ 1.2865535545934381 , -0.19223231686391395 ] 
[ 1.2865535545934381 , -0.19223231686391395 ] 
[ 1.2865535545934381 , -0.19223231686391395 ] 
[ 1.2865535545934381 , -0.19223231686391395 ] 
[ 1.2865535545934381 , -0.19223231686391395 ] 
[ 1.2865535545934381 , -0.19223231686391395 ] 
[ 1.2865535545934381 , 0.27825247033748995 ] 
[ 1.2865535545934381 , 0.27825247033748995 ] 
[ 1.2865535545934381 , 0.27825247033748995 ] 
[ 1.2865535545934381 , 0.27825247033748995 ] 
[ 1.2865535545934381 , 0.27825247033748995 ] 
[ 1.2865535545934381 , -0.14484815489116715 ] 
[ 1.2865535545934381 , -0.14484815489116715 ] 
[ 1.2865535545934381 , -0.14484815489116715 ] 
[ 1.2865535545934381 , -0.14484815489116715 ] 
[ 1.2865535545934381 , -0.14484815489116715 ] 
[ 1.2865535545934381 , -0.13964748584852504 ] 
[ 1.2865535545934381 , -0.13964748584852504 ] 
[ 1.2865535545934381 , -0.13964748584852504 ] 
[ 1.2865535545934381 , 0.5221362875290687 ] 
[ 1.2865535545934381 , 0.5221362875290687 ] 
[ 1.2865535545934381 , 0.5221362875290687 ] 
[ 1.2865535545934381 , 0.5221362875290687 ] 
[ 1.2865535545934381 , 0.5221362875290687 ] 
[ 1.2865535545934381 , 0.5221362875290687 ] 
[ 1.2865535545934381 , 0.5221362875290687 ] 
[ 1.2865535545934381 , 0.5221362875290687 ] 
[ 1.2865535545934381 , 0.5221362875290687 ] 
[ 1.2865535545934381 , 0.5221362875290687 ] 
[ 1.2865535545934381 , 0.5221362875290687 ] 
[ 1.2865535545934381 , 0.5221362875290687 ] 
[ 1.2865535545934381 , 0.5221362875290687 ] 
[ 1.2865535545934381 , 0.5221362875290687 ] 
[ 1.2865535545934381 , 0.5221362875290687 ] 
[ 1.2865535545934381 , 0.5221362875290687 ] 
[ 1.2865535545934381 , 0.5221362875290687 ] 
[ 1.2865535545934381 , 0.5221362875290687 ] 
[ 1.2865535545934381 , 0.5221362875290687 ] 
[ 1.2865535545934381 , 0.5221362875290687 ] 
[ 1.24153598522907 , 0.5221362875290687 ] 
[ 1.2277235598128147 , 0.5221362875290687 ] 
[ 1.2277235598128147 , 0.5221362875290687 ] 
[ 1.2277235598128147 , 0.5221362875290687 ] 
[ 1.2083951662852934 , 0.5221362875290687 ] 
[ 1.207943327405542 , 0.5221362875290687 ] 
[ 1.207943327405542 , 0.5221362875290687 ] 
[ 1.207943327405542 , 0.5221362875290687 ] 
[ 1.207943327405542 , 0.5221362875290687 ] 
[ 1.207943327405542 , 0.5221362875290687 ] 
[ 1.207943327405542 , 0.5221362875290687 ] 
[ 1.207943327405542 , 0.5221362875290687 ] 
[ 1.207943327405542 , 0.5221362875290687 ] 
[ 1.207943327405542 , 0.5221362875290687 ] 
[ 1.207943327405542 , 0.5221362875290687 ] 
[ 1.207943327405542 , 0.5221362875290687 ] 
[ 1.207943327405542 , 0.5221362875290687 ] 
[ 1.207943327405542 , 0.5221362875290687 ] 
[ 1.207943327405542 , 0.5221362875290687 ] 
[ 1.201013101887848 , 0.5221362875290687 ] 
[ 1.201013101887848 , 0.5221362875290687 ] 
[ 1.201013101887848 , 0.5221362875290687 ] 
[ 1.201013101887848 , 0.5221362875290687 ] 
[ 1.182075339210865 , 0.5221362875290687 ] 
[ 1.182075339210865 , 0.5221362875290687 ] 
[ 1.182075339210865 , 0.5221362875290687 ] 
[ 1.182075339210865 , 0.5221362875290687 ] 
[ 1.1286675317009285 , 0.5221362875290687 ] 
[ 1.1049216285685741 , 0.5221362875290687 ] 
[ 1.103369255950577 , 0.5221362875290687 ] 
[ 1.103369255950577 , 0.5221362875290687 ] 
[ 1.103369255950577 , 0.5221362875290687 ] 
[ 1.103369255950577 , 0.5221362875290687 ] 
[ 1.103369255950577 , 0.5221362875290687 ] 
[ 1.103369255950577 , 0.5221362875290687 ] 
[ 1.103369255950577 , 0.5221362875290687 ] 
[ 1.103369255950577 , 0.5221362875290687 ] 
[ 1.103369255950577 , 0.5221362875290687 ] 
[ 1.103369255950577 , 0.5221362875290687 ] 
[ 1.103369255950577 , 0.5221362875290687 ] 
[ 1.103369255950577 , 0.5221362875290687 ] 
[ 1.103369255950577 , 0.5221362875290687 ] 
[ 1.103369255950577 , 0.5221362875290687 ] 
[ 1.103369255950577 , 0.5221362875290687 ] 
[ 1.103369255950577 , 0.5221362875290687 ] 
[ 1.103369255950577 , 0.5221362875290687 ] 
[ 1.103369255950577 , 0.5221362875290687 ] 
[ 1.103369255950577 , 0.5221362875290687 ] 
[ 1.103369255950577 , 0.5221362875290687 ] 
[ 1.103369255950577 , 0.5221362875290687 ] 
[ 1.103369255950577 , 0.5221362875290687 ] 
[ 1.103369255950577 , 0.5221362875290687 ] 
[ 1.103369255950577 , 0.5221362875290687 ] 
[ 1.103369255950577 , 0.5221362875290687 ] 
[ 1.103369255950577 , 0.5221362875290687 ] 
[ 1.103369255950577 , 0.5221362875290687 ] 
[ 1.103369255950577 , 0.5221362875290687 ] 
[ 1.103369255950577 , 0.5221362875290687 ] 
[ 1.103369255950577 , 0.5221362875290687 ] 
[ 1.103369255950577 , 0.40552444773695245 ] 
[ 1.103369255950577 , 0.40552444773695245 ] 
[ 1.103369255950577 , 0.40552444773695245 ] 
[ 1.103369255950577 , 0.40552444773695245 ] 
[ 1.103369255950577 , 0.40552444773695245 ] 
[ 1.103369255950577 , 0.40552444773695245 ] 
[ 1.103369255950577 , 0.40552444773695245 ] 
[ 1.103369255950577 , 0.40552444773695245 ] 
[ 1.103369255950577 , 0.40552444773695245 ] 
[ 1.103369255950577 , 0.40552444773695245 ] 
[ 1.103369255950577 , 0.40552444773695245 ] 
[ 1.0997065586222576 , 0.40552444773695245 ] 
[ 1.0997065586222576 , 0.40552444773695245 ] 
[ 1.0997065586222576 , 0.40552444773695245 ] 
[ 1.0997065586222576 , 0.40552444773695245 ] 
[ 1.0997065586222576 , 0.40552444773695245 ] 
[ 1.0997065586222576 , 0.40552444773695245 ] 
[ 1.0997065586222576 , 0.40552444773695245 ] 
[ 1.0997065586222576 , 0.40552444773695245 ] 
[ 1.091138547637601 , 0.40552444773695245 ] 
[ 1.091076919945312 , 0.40552444773695245 ] 
[ 1.091076919945312 , 0.40552444773695245 ] 
[ 1.091076919945312 , 0.40552444773695245 ] 
[ 1.091076919945312 , 0.40552444773695245 ] 
[ 1.091076919945312 , 0.40552444773695245 ] 
[ 1.091076919945312 , 0.40552444773695245 ] 
[ 1.091076919945312 , 0.40552444773695245 ] 
[ 1.091076919945312 , 0.40552444773695245 ] 
[ 1.091076919945312 , 0.40552444773695245 ] 
[ 1.091076919945312 , 0.40552444773695245 ] 
[ 1.091076919945312 , 0.40552444773695245 ] 
[ 1.091076919945312 , 0.40552444773695245 ] 
[ 1.091076919945312 , 0.40552444773695245 ] 
[ 1.091076919945312 , 0.40552444773695245 ] 
[ 1.091076919945312 , 0.40552444773695245 ] 
[ 1.091076919945312 , 0.40552444773695245 ] 
[ 1.091076919945312 , 0.40552444773695245 ] 
[ 1.091076919945312 , 0.40552444773695245 ] 
[ 1.091076919945312 , 0.40552444773695245 ] 
[ 1.091076919945312 , 0.40552444773695245 ] 
[ 1.091076919945312 , 0.40552444773695245 ] 
[ 1.091076919945312 , 0.40552444773695245 ] 
[ 1.091076919945312 , 0.40552444773695245 ] 
[ 1.091076919945312 , 0.40552444773695245 ] 
[ 1.091076919945312 , 0.40552444773695245 ] 
[ 1.091076919945312 , 0.40552444773695245 ] 
[ 1.091076919945312 , 0.40552444773695245 ] 
[ 1.091076919945312 , 0.40552444773695245 ] 
[ 1.091076919945312 , 0.40552444773695245 ] 
[ 1.091076919945312 , 0.40552444773695245 ] 
[ 1.091076919945312 , 0.40552444773695245 ] 
[ 1.091076919945312 , 0.40552444773695245 ] 
[ 1.091076919945312 , 0.40552444773695245 ] 
[ 1.091076919945312 , 0.40552444773695245 ] 
[ 1.091076919945312 , 0.40552444773695245 ] 
[ 1.091076919945312 , 0.40552444773695245 ] 
[ 1.091076919945312 , 0.40552444773695245 ] 
[ 1.091076919945312 , 0.40552444773695245 ] 
[ 1.091076919945312 , 0.40552444773695245 ] 
[ 1.091076919945312 , 0.40552444773695245 ] 
[ 1.091076919945312 , 0.40552444773695245 ] 
[ 1.091076919945312 , 0.40552444773695245 ] 
[ 1.091076919945312 , 0.40552444773695245 ] 
[ 1.091076919945312 , 0.40552444773695245 ] 
[ 1.091076919945312 , 0.40552444773695245 ] 
[ 1.091076919945312 , 0.40552444773695245 ] 
[ 1.091076919945312 , 0.40552444773695245 ] 
[ 1.091076919945312 , 0.40552444773695245 ] 
[ 1.091076919945312 , 0.40552444773695245 ] 
[ 1.091076919945312 , 0.40552444773695245 ] 
[ 1.091076919945312 , 0.40552444773695245 ] 
[ 1.091076919945312 , 0.40552444773695245 ] 
[ 1.091076919945312 , 0.40552444773695245 ] 
[ 1.091076919945312 , 0.40552444773695245 ] 
[ 1.091076919945312 , 0.40552444773695245 ] 
[ 1.091076919945312 , 0.40552444773695245 ] 
[ 1.091076919945312 , 0.40552444773695245 ] 
[ 1.091076919945312 , 0.40552444773695245 ] 
[ 1.091076919945312 , 0.40552444773695245 ] 
[ 1.091076919945312 , 0.40552444773695245 ] 
[ 1.091076919945312 , 0.40552444773695245 ] 
[ 1.091076919945312 , 0.40552444773695245 ] 
[ 1.091076919945312 , 0.40552444773695245 ] 
[ 1.091076919945312 , 0.40552444773695245 ] 
[ 1.091076919945312 , 0.40552444773695245 ] 
[ 1.091076919945312 , 0.40552444773695245 ] 
[ 1.091076919945312 , 0.40552444773695245 ] 
[ 1.091076919945312 , 0.40552444773695245 ] 
[ 1.091076919945312 , 0.40552444773695245 ] 
[ 1.091076919945312 , 0.40552444773695245 ] 
[ 1.091076919945312 , 0.40552444773695245 ] 
[ 1.091076919945312 , 0.40552444773695245 ] 
[ 1.091076919945312 , 0.40552444773695245 ] 
[ 1.091076919945312 , 0.40552444773695245 ] 
[ 1.091076919945312 , 0.40552444773695245 ] 
[ 1.091076919945312 , 0.40552444773695245 ] 
[ 1.091076919945312 , 0.40552444773695245 ] 
[ 1.091076919945312 , 0.40552444773695245 ] 
[ 1.091076919945312 , 0.40552444773695245 ] 
[ 1.091076919945312 , 0.40552444773695245 ] 
[ 1.091076919945312 , 0.40552444773695245 ] 
[ 1.091076919945312 , 0.40552444773695245 ] 
[ 1.091076919945312 , 0.40552444773695245 ] 
[ 1.091076919945312 , 0.40552444773695245 ] 
[ 1.091076919945312 , 0.40552444773695245 ] 
[ 1.091076919945312 , 0.40552444773695245 ] 
[ 1.091076919945312 , 0.40552444773695245 ] 
[ 1.0843667788542894 , 0.40552444773695245 ] 
[ 1.0843667788542894 , 0.40552444773695245 ] 
[ 1.0783308053045402 , 0.40552444773695245 ] 
[ 1.0301450007171762 , 0.40552444773695245 ] 
[ 1.0220424166139908 , 0.40552444773695245 ] 
[ 1.0220424282357117 , 0.40552444773695245 ] 
[ 1.0220424282357117 , 0.40552444773695245 ] 
[ 1.0220424282357117 , 0.40552444773695245 ] 
[ 1.0220424282357117 , 0.40552444773695245 ] 
[ 1.0220424282357117 , 0.40552444773695245 ] 
[ 1.0220424282357117 , 0.40552444773695245 ] 
[ 1.0220424282357117 , 0.40552444773695245 ] 
[ 1.0220424282357117 , 0.40552444773695245 ] 
[ 1.0220424282357117 , 0.40552444773695245 ] 
[ 1.0203468043411612 , 0.40552444773695245 ] 
[ 1.0122424264850518 , 0.40552444773695245 ] 
[ 1.0064074702906316 , 0.6336164996282472 ] 
[ 1.004085845889377 , 0.6336164996282472 ] 
[ 1.004085845889377 , 0.633185136210034 ] 
[ 1.004085845889377 , 0.633185136210034 ] 
[ 1.004085845889377 , 0.633185136210034 ] 
[ 1.0038877285604544 , 0.633185136210034 ] 
[ 1.0035176070005565 , 0.633185136210034 ] 
[ 1.002392349310923 , 0.633185136210034 ] 
[ 1.0002427858680913 , 0.633185136210034 ] 
[ 1.0000001009589727 , 0.633185136210034 ] 
[ 1.0000001009589727 , 0.633185136210034 ] 
[ 1.0000001009589727 , 0.633185136210034 ] 
[ 1.0000001009589727 , 0.633185136210034 ] 
[ 1.0000001009589727 , 0.7666664845049728 ] 
[ 1.0000001009589727 , 0.7666664845049728 ] 
[ 1.0000001009589727 , 0.7666664845049728 ] 
[ 1.0000001009589727 , 0.7666664845049728 ] 
[ 1.0000001009589727 , 0.7666664845049728 ] 
[ 1.0000001009589727 , 0.7666664845049728 ] 
[ 1.0000001009589727 , 0.7666664845049728 ] 
[ 1.0000001009589727 , 0.7666664845049728 ] 
[ 1.0000001009589727 , 0.7666664845049728 ] 
[ 1.0000001009589727 , 0.7666664845049728 ] 
[ 1.0000001009589727 , 0.7666664845049728 ] 
[ 1.0000001009589727 , 0.7666664845049728 ] 
[ 1.0000001009589727 , 0.7666664845049728 ] 
[ 1.0000001009589727 , 0.7666664845049728 ] 
[ 1.0000001009589727 , 0.7666664845049728 ] 
[ 1.0000001009589727 , 0.7666664845049728 ] 
[ 1.0000001009589727 , 0.7666664845049728 ] 
[ 1.0000001009589727 , 0.7666664845049728 ] 
[ 1.0000001009589727 , 0.7666664845049728 ] 
[ 1.0000001009589727 , 0.7666664845049728 ] 
[ 1.0000001009589727 , 0.7666664845049728 ] 
[ 1.0000001009589727 , 0.7666664845049728 ] 
[ 1.0000001009589727 , 0.7666664845049728 ] 
[ 1.0000001009589727 , 0.7666664845049728 ] 
[ 1.0000001009589727 , 0.7666664845049728 ] 
[ 1.0000001009589727 , 0.8399996910598903 ] 
[ 1.0000001009589727 , 0.8399996910598903 ] 
[ 1.0000001009589727 , 0.8399996910598903 ] 
[ 1.0000001009589727 , 0.8399996910598903 ] 
[ 1.0000001009589727 , 0.8399996910598903 ] 
[ 1.0000001009589727 , 0.8399996910598903 ] 
[ 1.0000001009589727 , 0.8399996910598903 ] 
[ 1.0000001009589727 , 0.8399996910598903 ] 
[ 1.0000001009589727 , 0.8399996910598903 ] 
[ 1.0000001009589727 , 0.8399996910598903 ] 
[ 1.0000001009589727 , 0.8399996910598903 ] 
[ 1.0000001009589727 , 0.8399996910598903 ] 
[ 1.0000001009589727 , 0.8399996910598903 ] 
[ 1.0000001009589727 , 0.8399996910598903 ] 
[ 1.0000001009589727 , 0.8399996910598903 ] 
[ 1.0000001009589727 , 0.8399996910598903 ] 
[ 1.0000001009589727 , 0.8399996910598903 ] 
[ 1.0000001009589727 , 0.8399996910598903 ] 
[ 1.0000001009589727 , 0.8399996910598903 ] 
[ 1.0000001009589727 , 0.8399996910598903 ] 
[ 1.0000001009589727 , 0.8399996910598903 ] 
[ 1.0000001009589727 , 0.8399996910598903 ] 
[ 1.0000001009589727 , 0.8399996910598903 ] 
[ 1.0000001009589727 , 0.8399996910598903 ] 
[ 1.0000001009589727 , 0.8399996910598903 ] 
[ 1.0000001009589727 , 0.8399996910598903 ] 
[ 1.0000001009589727 , 0.8399996910598903 ] 
[ 1.0000001009589727 , 0.8399996910598903 ] 
[ 1.0000001009589727 , 0.8399996910598903 ] 
[ 1.0000001009589727 , 0.8399996910598903 ] 
[ 1.0000001009589727 , 0.8399996910598903 ] 
[ 1.0000001009589727 , 0.8399996910598903 ] 
[ 1.0000001009589727 , 0.8399996910598903 ] 
[ 1.0000001009589727 , 0.8399996910598903 ] 
[ 1.0000001009589727 , 0.8399996910598903 ] 
[ 1.0000001009589727 , 0.8399996910598903 ] 
[ 1.0000001009589727 , 0.8399996910598903 ] 
[ 1.0000001009589727 , 0.8399996910598903 ] 
[ 1.0000001009589727 , 0.8399996910598903 ] 
[ 1.0000001009589727 , 0.8399996910598903 ] 
[ 1.0000001009589727 , 0.8399996910598903 ] 
[ 1.0000001009589727 , 0.8399996910598903 ] 
[ 1.0000001009589727 , 0.8399996910598903 ] 
[ 1.0000001009589727 , 0.8399996910598903 ] 
[ 1.0000001009589727 , 0.8399996910598903 ] 
[ 1.0000001009589727 , 0.8399996910598903 ] 
[ 1.0000001009589727 , 0.8399996910598903 ] 
[ 1.0000001009589727 , 0.8399996910598903 ] 
[ 1.0000001009589727 , 0.8399996910598903 ] 
[ 1.0000001009589727 , 0.8399996910598903 ] 
[ 1.0000001009589727 , 0.8399996910598903 ] 
[ 1.0000001009589727 , 0.8399996910598903 ] 
[ 1.0000001009589727 , 0.8399996910598903 ] 
[ 1.0000001009589727 , 0.8399996910598903 ] 
[ 1.0000001009589727 , 0.8399996910598903 ] 
[ 1.0000001009589727 , 0.8399996910598903 ] 
[ 1.0000001009589727 , 0.8399996910598903 ] 
[ 1.0000001009589727 , 0.8399996910598903 ] 
[ 1.0000001009589727 , 0.8399996910598903 ] 
[ 1.0000001009589727 , 0.8399996910598903 ] 
[ 1.0000001009589727 , 0.8399996910598903 ] 
[ 1.0000001009589727 , 0.8399996910598903 ] 
[ 1.0000001009589727 , 0.8399996910598903 ] 
[ 1.0000001009589727 , 0.8399996910598903 ] 
[ 1.0000001009589727 , 0.8399996910598903 ] 
[ 1.0000001009589727 , 0.8399996910598903 ] 
[ 1.0000001009589727 , 0.8399996910598903 ] 
[ 1.0000001009589727 , 0.8399996910598903 ] 
[ 1.0000001009589727 , 0.8399996910598903 ] 
[ 1.0000001009589727 , 0.8399996910598903 ] 
[ 1.0000001009589727 , 0.8399996910598903 ] 
[ 1.0000001009589727 , 0.8399996910598903 ] 
[ 1.0000001009589727 , 0.8399996910598903 ] 
[ 1.0000001009589727 , 0.8399996910598903 ] 
[ 1.0000001009589727 , 0.8399996910598903 ] 
[ 1.0000001009589727 , 0.8399996910598903 ] 
[ 1.0000001009589727 , 0.8399996910598903 ] 
[ 1.0000001009589727 , 0.8399996910598903 ] 
[ 1.0000001009589727 , 0.8399996910598903 ] 
[ 1.0000001009589727 , 0.8399996910598903 ] 
[ 1.0000001009589727 , 0.8399996910598903 ] 
[ 1.0000001009589727 , 0.8399996910598903 ] 
[ 1.0000001009589727 , 0.8399996910598903 ] 
[ 1.0000001009589727 , 0.8399996910598903 ] 
[ 1.0000001009589727 , 0.8399996910598903 ] 
[ 1.0000001009589727 , 0.8399996910598903 ] 
[ 1.0000001009589727 , 0.8399996910598903 ] 
[ 1.0000001009589727 , 0.9999989573634048 ] 
[ 1.0000001009589727 , 0.9999989573634048 ] 